Classes = 1,2,3,4,5,7
Attributes = A1{Floating_Point},A2{Floating_Point},A3{Floating_Point},A4{Floating_Point}
92,112,118,85,3
84,103,104,81,3
84,99,104,78,3
84,99,104,81,3
76,99,104,81,3
76,99,108,85,3
80,112,118,88,3
80,107,113,85,3
76,91,104,74,4
76,95,100,78,4
76,91,100,74,4
76,87,91,67,4
71,87,87,70,4
68,83,87,67,4
68,83,87,67,4
68,83,87,67,4
71,83,87,70,4
76,91,91,74,4
84,103,108,85,3
88,112,113,88,3
84,99,108,85,3
88,99,104,85,3
88,103,113,88,3
88,112,122,88,3
88,103,113,85,3
92,112,118,92,3
92,112,118,92,3
92,107,113,92,3
92,107,118,88,3
88,107,118,88,3
88,103,108,85,3
88,103,108,81,3
88,103,108,88,3
84,103,108,81,3
88,99,104,85,3
84,103,108,85,3
84,99,108,85,3
88,107,113,85,3
88,103,113,85,3
88,99,104,85,3
84,99,104,85,3
84,99,100,81,3
80,91,96,78,3
71,75,87,78,5
60,54,87,74,5
71,79,100,81,5
80,95,100,85,7
71,79,87,70,7
71,79,83,67,7
71,79,79,63,7
60,68,79,67,5
53,54,75,70,5
53,54,71,63,5
56,51,67,63,5
88,121,128,100,3
84,107,113,87,3
84,99,104,79,3
84,99,104,79,3
84,103,104,79,3
79,107,109,87,3
79,107,113,87,3
79,103,104,83,3
79,103,104,79,3
75,95,100,79,4
75,91,96,71,4
79,87,93,71,4
79,87,93,67,4
75,87,96,71,4
67,75,85,62,4
71,75,85,62,4
71,75,81,67,4
71,75,81,62,4
75,83,96,83,4
79,99,104,83,3
84,99,113,87,3
88,107,113,87,3
88,107,109,83,3
88,103,109,87,3
84,103,113,87,3
88,111,113,92,3
93,107,109,92,3
93,111,113,92,3
93,116,118,92,3
88,111,118,92,3
93,107,113,87,3
93,107,113,87,3
93,107,109,87,3
88,107,109,92,3
88,107,109,87,3
88,107,109,87,3
88,103,109,87,3
93,103,109,87,3
88,107,109,87,3
88,107,113,87,3
84,99,104,87,3
79,99,100,79,3
88,95,100,79,3
88,103,109,83,3
88,103,113,83,3
84,103,104,83,3
84,99,109,83,3
84,103,104,83,3
79,99,100,83,3
79,91,104,79,3
84,99,104,83,3
75,87,93,71,7
75,83,85,71,7
71,79,77,67,7
67,72,81,67,7
67,64,81,67,5
59,61,77,71,5
55,54,85,67,5
55,51,74,67,5
55,48,70,62,5
51,48,70,67,5
90,109,112,89,3
90,113,117,92,3
90,113,122,96,3
95,123,127,100,3
82,100,108,85,3
82,100,108,81,3
82,100,104,78,3
78,100,104,81,3
82,100,108,85,3
78,96,96,78,4
78,91,92,70,4
78,91,96,74,4
74,87,92,70,4
74,87,88,66,4
78,87,88,66,4
74,83,92,66,4
70,83,92,66,4
59,60,96,81,2
56,49,104,100,2
49,40,112,114,2
63,67,104,85,2
82,96,104,78,3
86,100,108,85,3
90,104,112,85,3
86,104,108,85,3
86,104,108,85,3
86,100,108,85,3
90,104,112,89,3
90,104,112,85,3
90,109,112,85,3
90,109,117,89,3
90,109,112,89,3
90,109,112,89,3
90,104,117,92,3
90,109,112,89,3
90,109,112,89,3
90,104,112,89,3
86,104,108,89,3
90,104,108,92,3
90,109,108,89,3
86,104,112,85,3
86,96,104,81,3
86,104,108,85,3
90,109,112,92,3
86,109,108,89,3
86,109,112,89,3
90,109,112,92,3
86,104,108,89,3
86,104,104,85,3
82,100,100,85,3
82,100,104,78,3
82,100,104,81,3
86,100,104,81,3
82,96,100,81,3
82,96,104,78,3
86,96,104,81,3
82,96,100,81,3
82,100,104,78,3
82,96,104,85,3
86,100,108,85,3
86,100,112,85,3
86,100,112,85,3
82,96,100,81,7
78,83,84,70,7
70,75,76,66,7
66,71,80,66,5
66,63,76,66,5
59,60,73,63,5
59,56,76,66,5
59,53,76,70,5
56,49,73,70,5
92,103,110,86,3
87,103,114,90,3
92,122,135,109,3
92,108,114,86,3
83,103,105,83,3
79,103,110,83,3
79,99,105,83,3
83,91,97,72,4
83,91,97,72,4
79,91,93,72,4
79,91,90,68,4
79,88,93,68,4
75,91,93,68,4
75,84,90,68,4
75,84,93,72,4
75,88,90,68,4
75,88,93,72,4
63,77,86,72,2
49,45,119,116,2
46,37,119,127,2
46,32,119,131,2
42,34,119,131,2
46,34,119,131,2
71,77,97,75,2
87,103,105,86,3
87,95,105,83,3
83,99,110,83,3
87,99,105,86,3
96,112,114,90,3
87,108,110,90,3
92,108,110,86,3
87,103,110,90,3
87,103,114,86,3
92,108,114,86,3
92,108,110,86,3
92,103,105,86,3
87,99,105,83,3
87,103,105,86,3
92,108,110,90,3
87,108,119,90,3
87,103,110,86,3
83,103,110,83,3
79,95,105,79,3
87,95,97,83,3
83,99,101,79,3
83,99,105,79,3
79,99,97,79,3
83,95,105,83,3
83,95,101,79,3
83,99,105,83,3
83,103,105,83,3
87,103,105,83,3
79,88,97,72,7
71,81,86,68,7
71,77,82,64,7
71,81,82,68,7
67,73,75,60,7
63,66,68,57,7
63,63,72,60,5
63,66,72,64,7
59,57,75,64,5
97,115,119,97,3
89,120,124,97,3
93,115,124,101,3
93,125,135,104,3
93,130,129,101,3
89,120,129,97,3
78,102,110,83,3
78,102,105,80,3
78,97,101,80,3
78,92,93,73,4
74,92,93,69,4
78,88,97,73,4
82,88,97,73,4
78,88,93,73,4
82,92,93,73,4
78,88,93,73,4
78,84,93,69,4
74,84,89,69,4
74,88,93,76,4
67,75,93,80,2
57,63,97,90,2
47,40,119,122,2
44,34,124,136,2
44,34,124,136,2
42,31,124,133,2
44,34,119,133,2
53,56,105,97,2
74,92,101,76,3
85,102,110,83,3
85,97,105,83,3
82,97,105,83,3
93,106,114,90,3
93,115,114,90,3
93,115,114,90,3
93,111,119,90,3
89,106,110,87,3
89,102,110,87,3
93,111,110,94,3
93,106,114,87,3
85,106,110,87,3
89,106,114,90,3
89,111,110,83,3
89,111,114,87,3
89,111,110,87,3
89,106,114,90,3
89,102,114,90,3
89,106,114,87,3
85,102,110,87,3
89,97,105,83,3
85,102,105,87,3
85,102,101,80,3
85,97,101,83,3
85,102,110,83,3
89,106,114,87,3
85,102,105,83,3
85,102,101,83,3
82,102,114,87,3
89,106,114,83,3
82,102,105,83,3
78,102,105,83,3
82,106,105,87,3
82,97,105,87,3
70,88,89,69,7
74,79,85,69,7
70,79,82,62,7
67,75,74,62,7
60,63,74,58,7
92,120,125,98,3
88,120,125,98,3
88,125,136,109,3
88,125,136,105,3
88,125,125,102,3
80,98,102,79,3
80,98,102,79,3
80,98,98,79,3
80,98,102,76,3
84,94,98,76,4
80,94,94,72,4
80,89,98,72,4
80,89,90,68,4
80,85,90,68,4
72,85,94,72,4
57,49,111,109,2
50,40,125,128,2
47,34,125,135,2
44,34,131,131,2
44,34,120,135,2
44,34,131,135,2
47,31,131,139,2
41,31,131,135,2
41,31,131,139,2
64,73,106,83,2
84,102,106,83,3
88,111,111,91,3
88,102,115,87,3
84,111,106,87,3
92,106,111,87,3
92,111,111,87,3
88,106,106,83,3
84,102,106,83,3
88,106,106,87,3
88,111,115,83,3
88,111,111,87,3
92,106,111,87,3
88,106,111,87,3
84,106,115,91,3
88,111,115,87,3
88,106,111,87,3
92,111,115,91,3
92,115,120,94,3
88,111,111,91,3
84,106,111,87,3
88,106,115,87,3
92,106,111,87,3
88,102,106,83,3
88,106,106,83,3
88,106,115,87,3
84,102,115,91,3
88,111,120,94,3
88,106,111,91,3
88,106,106,87,3
88,106,111,87,3
88,102,111,83,3
84,102,106,83,3
88,102,115,87,3
84,102,102,83,3
80,98,98,79,3
84,98,106,83,3
80,98,98,79,3
76,85,86,72,7
76,85,86,72,7
68,85,86,68,7
72,81,82,68,7
72,81,86,68,7
72,77,78,61,7
88,126,139,103,3
88,121,133,103,3
88,121,128,99,3
92,116,122,99,3
84,99,104,78,3
80,95,100,78,3
80,99,100,74,3
80,95,100,74,4
84,95,100,74,4
71,91,96,74,4
76,91,96,70,4
71,79,96,74,2
56,54,108,103,2
56,54,104,92,2
53,45,113,114,2
46,34,133,146,2
46,31,139,143,2
46,31,133,146,2
43,31,139,146,2
43,31,133,139,2
43,31,128,135,2
43,31,128,135,2
46,34,133,132,2
43,31,128,135,2
46,34,118,132,2
50,51,113,103,2
71,87,104,81,2
88,103,108,88,3
88,103,108,88,3
92,107,113,88,3
88,103,113,85,3
88,103,108,88,3
92,107,113,88,3
88,107,113,88,3
88,107,113,88,3
88,107,118,88,3
88,107,113,88,3
88,107,108,85,3
88,107,104,88,3
88,107,113,85,3
84,103,108,85,3
88,107,118,92,3
88,107,113,88,3
88,107,113,88,3
88,107,113,92,3
84,99,108,85,3
84,103,113,88,3
88,107,113,85,3
88,103,108,85,3
88,107,113,88,3
88,103,113,92,3
84,107,113,88,3
92,112,118,92,3
88,103,113,85,3
88,107,113,88,3
88,103,118,85,3
88,99,108,85,3
84,103,108,85,3
84,99,104,81,3
80,95,91,74,7
76,87,96,70,7
68,79,83,67,7
68,79,83,67,7
71,75,87,67,7
71,75,79,63,7
71,83,91,74,7
71,79,79,67,7
88,126,134,104,3
88,121,128,104,3
93,116,123,96,3
88,111,118,92,3
88,103,109,87,3
84,107,113,87,3
84,103,104,83,3
84,99,100,79,3
84,95,104,79,3
84,99,100,75,3
84,91,100,75,4
84,95,100,79,4
71,83,96,75,2
59,58,104,100,2
51,45,113,116,2
44,34,128,129,2
44,34,123,129,2
48,37,118,121,2
44,37,128,137,2
41,32,139,150,2
44,29,139,150,2
44,27,134,146,2
44,34,118,129,2
48,34,123,133,2
48,32,128,129,2
48,37,123,125,2
59,58,104,92,2
88,107,109,87,3
88,107,113,87,3
88,107,109,87,3
88,107,104,83,3
88,107,109,87,3
88,103,109,87,3
88,111,109,87,3
93,107,113,92,3
93,111,109,87,3
93,111,109,87,3
84,103,104,83,3
88,107,109,87,3
84,107,109,92,3
88,107,109,87,3
84,107,109,92,3
84,103,109,83,3
88,103,109,83,3
88,107,109,87,3
88,111,109,92,3
84,111,113,92,3
88,111,123,96,3
93,116,118,96,3
88,111,113,87,3
84,103,109,83,3
88,103,113,87,3
88,107,109,87,3
88,103,109,87,3
84,99,104,79,3
75,83,85,67,7
75,79,85,71,7
71,79,85,67,7
75,79,81,67,7
75,83,89,67,7
75,83,85,67,7
75,83,89,71,7
75,79,89,71,7
90,123,127,103,3
90,118,122,96,3
86,109,112,92,3
90,113,122,92,3
90,109,112,92,3
82,100,104,81,3
82,100,96,78,3
78,96,100,81,4
49,37,122,125,2
43,32,127,133,2
43,34,127,133,2
43,32,122,133,2
52,40,112,114,2
52,37,117,122,2
46,29,138,151,2
49,32,138,151,2
46,29,133,151,2
46,29,138,147,2
46,29,133,140,2
46,32,122,125,2
46,34,122,125,2
46,34,122,129,2
49,43,117,111,2
66,71,100,85,2
82,96,104,81,3
86,104,108,85,3
86,104,108,89,3
90,109,112,89,3
90,109,112,89,3
90,109,112,89,3
86,109,108,89,3
86,104,108,85,3
86,104,108,89,3
86,104,112,85,3
86,104,108,89,3
86,104,108,89,3
82,104,112,89,3
86,109,112,92,3
82,100,104,85,3
90,109,117,85,3
90,109,117,92,3
90,113,122,96,3
95,113,117,96,3
86,104,108,85,3
86,100,108,81,3
90,109,108,85,3
82,96,100,78,7
70,79,84,66,7
70,79,80,66,7
66,75,80,66,7
66,71,80,63,7
70,79,80,70,7
74,83,84,70,7
70,75,76,63,7
70,75,76,63,7
74,83,84,66,7
74,83,84,70,7
74,83,80,70,7
92,127,135,105,3
96,117,119,94,3
92,112,119,90,3
92,112,114,94,3
92,112,119,94,3
92,108,114,90,3
87,103,105,83,3
83,99,101,79,3
79,91,105,79,4
71,73,101,90,2
63,57,105,101,2
46,34,130,135,2
42,32,130,135,2
42,34,124,135,2
46,37,119,131,2
42,30,135,157,2
42,30,135,150,2
46,32,124,131,2
49,34,124,131,2
46,34,119,131,2
46,37,130,127,2
75,84,101,79,2
87,99,105,83,3
87,103,110,86,3
87,103,114,86,3
87,108,119,90,3
92,112,119,90,3
92,108,110,90,3
92,112,119,90,3
92,108,110,86,3
87,103,105,86,3
87,108,110,86,3
87,112,114,90,3
83,103,105,83,3
87,103,105,86,3
83,103,110,90,3
87,108,110,90,3
87,108,110,90,3
92,108,114,86,3
87,103,105,86,3
96,112,114,94,3
92,117,124,98,3
92,108,114,90,3
92,103,110,86,3
75,91,93,72,7
63,66,72,60,7
67,70,72,60,7
71,73,75,60,7
67,73,72,60,7
63,70,75,57,7
71,77,82,64,7
71,77,82,64,7
71,77,75,64,7
71,77,82,68,7
71,88,93,72,7
75,84,90,68,7
67,73,75,60,7
63,66,72,57,7
93,125,129,104,3
93,120,124,94,3
93,115,119,94,3
89,115,119,90,3
89,115,114,94,3
93,115,124,97,3
97,111,119,94,3
93,106,114,90,3
89,106,101,80,3
74,75,97,83,2
53,49,114,108,2
47,37,119,126,2
44,31,124,133,2
44,31,129,140,2
44,34,129,143,2
44,31,129,140,2
44,34,124,136,2
44,31,124,140,2
44,34,129,136,2
44,31,124,136,2
44,37,119,126,2
50,43,110,115,2
44,34,129,143,2
44,29,124,143,2
44,34,129,143,2
44,34,119,136,2
42,34,119,129,2
44,34,114,129,2
47,37,114,126,2
47,34,119,126,2
47,34,114,126,2
47,34,114,122,2
47,37,114,126,2
47,40,114,115,2
57,60,105,94,2
85,102,105,83,3
89,106,114,90,3
89,106,110,90,3
93,106,114,87,3
93,111,119,94,3
93,111,114,90,3
89,106,114,83,3
89,106,110,87,3
89,106,114,90,3
89,106,114,87,3
89,111,110,90,3
89,106,114,90,3
89,111,114,94,3
97,120,119,97,3
93,115,114,90,3
85,97,105,80,3
78,88,89,73,5
70,84,82,65,5
63,71,78,58,5
67,71,78,58,5
67,75,82,62,7
67,71,74,58,7
63,67,70,55,7
67,71,70,58,7
70,84,93,76,7
78,84,89,73,7
74,88,89,69,7
70,79,85,65,7
67,79,82,65,7
67,79,78,65,7
67,75,74,62,7
67,67,70,55,7
92,120,120,98,3
92,115,115,94,3
88,102,111,87,3
84,106,111,91,3
88,111,111,87,3
92,106,115,91,3
88,102,111,83,3
76,77,102,83,2
53,40,115,116,2
44,29,125,135,2
50,31,131,135,2
44,31,125,135,2
44,34,131,139,2
47,31,125,139,2
47,31,125,135,2
44,31,120,131,2
50,40,115,113,2
50,46,111,116,2
44,29,136,146,2
44,31,136,139,2
44,31,131,135,2
44,31,120,131,2
44,31,120,128,2
44,34,120,120,2
80,98,102,79,3
84,102,102,87,3
88,106,111,87,3
88,102,111,83,3
92,115,115,91,3
88,111,115,91,3
92,106,115,87,3
92,111,115,91,3
97,111,120,91,3
92,111,111,87,3
88,106,111,87,3
88,106,111,87,3
92,106,111,91,3
92,111,115,91,3
92,115,120,94,3
92,120,120,94,3
92,106,111,87,3
76,85,90,68,5
64,77,78,61,5
60,66,67,57,5
64,69,71,57,5
64,66,67,54,5
60,62,67,54,7
64,69,74,61,7
64,69,74,61,7
68,81,86,72,7
64,73,74,61,7
64,69,71,61,7
72,77,82,68,7
76,81,90,76,7
76,85,90,72,7
76,77,90,68,7
68,69,71,57,7
64,69,74,57,7
68,69,74,57,7
64,66,67,54,7
88,107,113,88,3
84,107,113,88,3
84,112,113,88,3
92,112,113,88,3
88,103,108,85,3
64,64,104,96,2
46,31,128,135,2
46,31,128,135,2
46,31,133,143,2
50,31,133,135,2
46,34,128,135,2
46,36,128,132,2
46,39,122,121,2
53,45,108,103,2
43,31,139,143,2
46,34,122,125,2
46,36,118,125,2
46,34,118,121,2
43,36,118,121,2
46,34,122,125,2
50,34,118,125,2
50,36,118,128,2
53,51,113,103,2
84,99,104,85,3
84,103,113,88,3
88,107,118,88,3
88,103,104,85,3
88,103,113,85,3
88,107,108,88,3
92,112,118,88,3
92,107,118,88,3
88,112,118,88,3
88,107,113,85,3
88,107,113,88,3
92,103,113,88,3
88,107,108,92,3
92,112,113,88,3
92,112,118,92,3
88,107,122,88,3
88,103,108,85,7
68,71,75,59,5
60,57,60,45,5
56,57,56,45,5
60,57,67,49,5
60,57,67,49,5
56,54,67,49,5
56,54,67,52,5
53,57,67,52,5
60,64,75,63,7
64,68,79,59,7
64,68,71,56,7
64,71,75,63,7
71,79,79,63,7
71,79,79,67,7
71,79,87,70,7
68,75,79,67,7
71,79,79,63,7
64,71,79,59,7
68,71,71,59,7
93,111,118,92,3
88,111,113,92,3
84,111,118,92,3
93,111,113,92,3
88,107,109,87,3
84,99,100,79,4
84,95,96,79,4
44,32,139,141,2
44,34,139,146,2
44,32,134,141,2
44,32,134,137,2
48,34,128,133,2
48,37,118,125,2
48,40,118,112,2
51,45,104,100,2
44,32,128,137,2
44,32,123,129,2
44,34,128,129,2
44,32,128,125,2
48,29,123,125,2
44,32,113,121,2
48,34,118,112,2
51,37,118,112,2
48,40,113,112,2
48,37,118,125,2
48,34,123,125,2
88,107,109,87,3
88,111,109,92,3
88,107,109,87,3
93,107,113,87,3
88,111,118,96,3
93,111,118,96,3
93,111,118,92,3
93,111,118,92,3
93,111,118,92,3
88,111,118,92,3
88,107,113,92,3
93,111,118,87,3
88,107,109,87,3
88,103,113,83,3
84,95,100,83,7
75,79,89,67,7
63,61,63,42,5
59,51,67,46,5
59,51,67,50,5
55,54,67,50,5
55,58,70,54,5
71,79,85,67,7
71,87,96,75,7
75,83,89,71,7
71,75,85,67,7
71,75,74,62,7
67,72,70,58,7
67,72,74,58,7
63,68,74,58,7
71,75,77,67,7
95,109,112,89,3
90,113,117,92,3
95,118,117,96,3
86,104,108,89,3
82,96,104,78,4
82,96,104,81,4
82,96,100,81,4
78,83,96,74,2
63,56,108,103,2
46,34,127,144,2
43,32,133,144,2
43,32,138,144,2
46,32,138,144,2
46,32,138,144,2
46,32,133,144,2
46,32,133,136,2
46,32,127,136,2
49,32,127,133,2
46,34,127,129,2
49,32,127,133,2
49,37,112,118,2
43,29,138,140,2
46,34,112,111,2
52,34,117,122,2
49,34,117,122,2
86,100,108,85,3
90,109,108,89,3
86,104,112,85,3
90,113,112,92,3
90,113,117,92,3
95,113,117,96,3
90,118,122,96,3
90,113,117,96,3
90,113,112,92,3
90,113,112,92,3
90,113,112,89,3
86,104,104,85,3
78,96,92,81,7
74,87,92,74,7
74,79,84,66,7
63,67,69,52,5
59,56,62,48,5
59,53,66,44,5
59,56,62,44,5
59,56,66,44,5
59,56,76,55,5
59,49,69,48,5
59,53,66,44,5
56,53,66,48,5
66,67,80,63,7
63,67,73,59,7
70,79,84,70,7
70,79,84,66,7
63,67,69,59,7
59,63,66,55,7
59,63,73,59,7
66,75,76,63,7
92,112,114,94,3
92,112,124,94,3
92,112,114,98,3
92,108,114,90,3
83,99,101,75,3
79,91,97,75,4
83,91,97,79,4
79,95,93,75,4
79,95,93,75,4
71,77,93,79,2
56,42,114,120,2
42,32,130,146,2
42,34,130,142,2
46,32,130,142,2
46,32,130,142,2
46,32,124,139,2
42,34,124,135,2
46,32,119,131,2
46,34,119,127,2
49,34,114,124,2
49,40,105,116,2
46,32,124,135,2
42,32,130,139,2
42,32,119,127,2
42,34,110,120,2
46,34,110,116,2
49,37,114,116,2
52,40,110,113,2
49,37,110,116,2
46,37,114,116,2
46,37,110,113,2
52,45,110,109,2
79,95,97,75,3
96,108,114,94,3
96,112,119,90,3
96,112,119,90,3
96,117,114,94,3
92,112,114,90,3
92,108,114,90,3
92,108,119,90,3
92,103,105,83,3
83,99,101,83,3
79,95,101,75,7
79,84,86,68,7
71,73,79,64,7
71,77,82,68,7
67,77,75,64,5
67,70,68,57,5
52,51,58,42,5
56,54,72,49,5
56,51,62,45,5
56,54,65,45,5
56,51,72,60,5
59,54,62,45,5
59,60,72,57,7
63,70,75,64,7
63,66,75,60,7
63,63,68,53,7
59,60,65,53,7
59,66,72,57,7
97,115,119,94,3
97,115,124,94,3
97,115,119,94,3
78,92,93,80,4
78,88,93,76,4
78,88,97,80,4
78,88,93,76,2
63,63,101,90,2
47,37,119,133,2
44,34,124,143,2
44,34,129,143,2
44,31,124,143,2
44,34,129,140,2
44,34,124,136,2
44,34,124,136,2
44,34,119,133,2
44,34,114,129,2
44,31,124,136,2
44,31,124,133,2
47,34,114,126,2
47,37,114,122,2
47,37,114,119,2
44,34,110,119,2
44,37,105,111,2
47,40,110,111,2
60,63,97,94,2
70,79,97,80,2
78,92,97,76,7
97,115,114,94,3
93,115,114,94,3
93,115,119,94,3
97,115,114,97,3
97,115,114,94,3
97,115,114,90,3
93,111,114,87,3
89,106,114,87,3
85,106,110,83,3
78,88,93,73,7
78,84,85,65,7
70,79,82,65,7
53,60,63,48,5
57,56,56,44,5
57,53,67,55,5
53,53,67,48,5
57,56,63,51,5
53,49,70,55,5
57,56,74,62,5
57,56,70,48,5
57,56,74,58,5
57,60,74,58,5
63,63,74,62,5
53,53,82,83,2
50,43,97,101,2
44,37,101,108,2
53,53,85,76,2
60,60,74,55,7
63,67,74,58,7
67,71,78,62,7
92,115,120,94,3
92,115,120,94,3
88,106,111,87,3
76,89,94,76,4
80,89,98,79,4
76,85,90,76,4
72,81,94,76,2
57,49,115,113,2
44,31,131,142,2
47,31,131,139,2
47,34,131,139,2
44,31,125,139,2
47,34,125,135,2
47,34,115,124,2
47,40,115,116,2
50,43,106,102,2
47,40,115,120,2
44,31,131,135,2
47,31,120,124,2
47,34,115,120,2
47,37,111,105,2
50,40,106,105,2
53,43,106,102,2
64,69,94,79,2
68,77,86,65,7
68,77,78,61,7
68,77,82,61,7
68,81,90,68,7
76,85,94,76,7
84,98,102,79,3
88,111,115,94,3
88,111,115,91,3
88,106,111,87,3
88,102,106,83,3
84,98,106,83,3
88,98,106,79,3
84,98,98,79,3
76,81,90,65,7
72,77,78,65,7
72,81,78,65,7
72,81,90,65,7
72,81,94,65,7
64,69,71,57,5
57,59,64,50,5
57,59,78,65,5
53,52,78,65,5
53,49,74,57,5
53,49,71,50,5
57,55,74,61,5
57,55,78,65,5
57,55,67,50,5
57,55,74,65,5
47,34,111,116,2
44,29,115,124,2
44,29,106,113,2
44,31,106,116,2
44,37,98,94,2
57,59,78,61,5
60,62,82,65,5
80,99,104,81,3
84,95,96,78,4
76,87,96,74,4
80,95,100,81,4
80,103,96,81,4
84,95,100,78,4
84,95,100,78,4
80,91,96,81,4
71,87,91,74,4
76,87,87,74,4
76,87,91,78,4
84,91,96,74,4
68,68,100,85,2
50,39,118,132,2
43,29,133,143,2
46,31,133,139,2
46,31,133,139,2
46,31,133,143,2
46,31,133,139,2
43,31,128,135,2
43,29,128,132,2
46,34,118,121,2
50,36,118,121,2
50,36,122,121,2
46,36,122,125,2
50,39,122,117,2
50,34,122,135,2
43,29,133,135,2
56,51,100,92,2
68,71,91,70,2
68,75,75,59,7
68,75,75,59,7
68,75,83,59,7
84,103,108,85,3
92,112,122,92,3
92,112,118,92,3
88,107,108,88,3
84,99,104,78,7
84,95,104,78,7
84,95,104,81,7
84,103,104,81,7
68,83,83,67,7
71,75,83,67,7
71,83,87,70,7
71,79,83,67,7
64,64,71,56,5
64,61,71,59,5
60,61,71,59,5
60,61,75,63,5
60,61,75,67,5
56,54,79,70,5
53,48,75,63,5
53,48,67,56,5
56,54,79,63,5
56,51,67,52,5
53,54,71,52,5
43,29,122,139,2
43,29,122,135,2
43,29,122,128,2
40,31,122,132,2
53,48,71,59,5
56,51,71,59,5
60,54,75,63,5
84,95,96,75,4
84,95,100,79,4
79,95,96,75,4
84,95,100,79,4
84,99,100,79,4
84,99,100,79,4
79,95,96,79,4
79,91,93,75,4
79,91,96,75,4
84,95,100,79,4
79,95,96,79,4
84,99,96,79,4
75,87,93,75,2
63,58,104,100,2
44,32,128,141,2
44,34,123,129,2
44,32,118,125,2
48,34,118,121,2
48,34,118,125,2
44,34,123,129,2
48,29,118,129,2
51,42,109,104,2
51,40,104,100,2
59,51,100,83,2
63,64,85,67,2
67,72,77,54,7
67,72,74,58,7
67,72,70,54,7
67,75,74,58,7
67,75,77,58,7
67,79,81,62,7
71,83,85,62,7
75,91,96,75,7
84,103,104,83,3
79,95,100,79,7
79,95,96,75,7
71,83,85,67,7
71,79,85,67,7
71,75,85,67,7
75,79,85,67,7
71,79,89,75,7
63,64,85,75,5
55,48,77,62,5
55,48,74,62,5
55,51,67,54,5
55,51,70,54,5
55,54,77,62,5
55,48,70,54,5
55,51,85,75,5
51,45,104,112,2
44,29,128,146,2
41,27,123,129,2
44,32,113,116,2
51,45,85,71,2
51,45,74,62,5
59,58,77,67,5
82,96,96,81,4
82,96,100,78,4
82,91,96,78,4
82,96,96,78,4
82,96,100,78,4
82,96,104,78,4
78,96,104,78,4
82,91,104,81,4
82,96,104,81,4
82,100,100,78,4
82,96,104,81,4
82,100,100,85,3
49,34,117,129,2
46,34,112,122,2
49,34,117,125,2
46,32,122,122,2
43,32,122,129,2
49,34,122,129,2
56,49,108,100,2
66,63,88,70,2
63,67,69,55,7
63,67,73,55,7
66,71,73,55,7
66,75,76,63,7
66,79,84,63,7
66,83,80,63,7
82,91,96,78,7
78,87,92,74,7
78,87,96,78,7
78,83,84,70,7
70,79,80,66,7
70,83,84,70,7
74,79,84,66,7
70,75,84,66,7
70,75,80,63,7
70,83,88,70,7
74,83,88,70,7
74,83,88,74,7
74,83,88,74,7
66,63,76,66,5
63,60,80,66,5
59,53,84,70,5
52,46,80,63,5
59,53,84,66,5
56,49,69,59,5
52,49,76,59,5
56,53,84,63,5
56,49,84,70,5
52,43,104,100,2
43,27,133,151,2
43,27,122,133,2
43,27,117,129,2
43,29,117,133,2
49,40,96,89,2
52,46,80,63,5
52,46,76,66,5
83,99,105,79,3
83,95,97,79,4
83,99,101,83,4
79,95,101,83,4
79,95,97,79,4
79,95,105,79,4
79,95,97,79,4
79,99,105,83,3
92,103,114,86,3
92,103,105,83,3
75,81,93,79,2
56,45,105,105,2
49,37,114,120,2
46,37,105,116,2
46,40,105,109,2
49,40,105,113,2
46,34,124,131,2
46,32,114,127,2
42,34,119,135,2
59,60,97,83,2
63,66,79,64,7
67,70,75,57,7
63,70,75,57,7
63,70,72,53,7
67,66,72,53,7
67,66,72,53,7
67,66,72,53,7
63,70,68,53,7
67,70,72,57,7
67,77,82,60,7
71,81,82,64,7
71,81,82,64,7
75,84,86,64,7
75,91,90,72,7
79,91,90,72,7
75,84,93,72,7
75,91,97,72,7
75,81,82,68,7
71,81,82,64,7
71,77,79,68,7
75,84,90,72,7
75,88,97,75,7
75,84,93,75,7
75,84,90,72,7
71,77,93,75,7
63,63,79,72,5
63,57,86,72,5
59,57,82,68,5
59,60,82,68,5
59,54,82,72,5
56,48,68,53,5
56,51,68,60,5
56,48,79,64,5
59,54,82,72,5
59,48,90,90,2
52,37,110,116,2
42,30,124,135,2
42,30,119,127,2
46,32,105,113,2
49,45,82,72,5
97,115,114,90,3
89,111,114,87,3
89,106,110,83,3
85,97,101,80,3
85,97,101,80,3
85,97,105,80,3
82,92,101,76,4
78,92,97,76,4
82,92,97,80,4
82,92,101,83,4
85,97,101,80,3
82,102,110,83,3
89,106,110,90,3
93,111,114,90,3
89,102,105,80,3
67,71,89,80,2
50,43,97,108,2
44,40,105,111,2
50,53,101,101,2
44,37,124,136,2
53,43,114,119,2
60,67,70,55,7
63,67,74,55,7
67,67,70,55,7
63,67,70,55,7
63,67,74,55,7
67,75,78,62,7
74,79,82,65,7
67,75,82,62,7
70,79,85,65,7
74,79,89,69,7
82,92,93,76,7
78,88,85,73,7
74,84,85,69,7
74,84,85,69,7
67,75,82,69,7
70,75,85,69,7
70,75,82,69,7
67,79,82,69,7
70,79,85,73,7
74,84,85,73,7
57,53,85,76,5
57,56,82,65,5
60,60,82,65,5
60,60,82,69,5
57,60,82,73,5
53,53,78,73,5
50,46,74,62,5
53,53,74,58,5
53,53,74,65,5
53,53,74,69,5
53,49,78,73,5
50,49,89,87,2
47,37,105,115,2
42,29,114,129,2
44,29,119,133,2
47,37,101,101,2
47,40,93,94,2
50,40,82,80,2
97,111,115,94,3
97,111,111,91,3
88,102,106,83,3
88,98,102,83,3
84,98,102,79,3
84,102,102,79,3
84,102,102,83,3
84,98,106,83,3
88,98,106,87,3
88,106,106,87,3
88,106,106,87,3
92,111,115,91,3
97,115,115,91,3
101,115,120,94,3
97,111,115,87,3
80,89,98,72,3
60,59,98,91,2
64,73,98,83,2
57,55,98,98,2
60,69,102,87,2
68,73,78,65,7
64,73,74,54,7
64,66,64,54,7
64,69,64,54,7
64,69,71,57,7
64,69,71,54,7
68,69,78,54,7
68,69,71,57,7
68,73,71,57,7
68,73,74,57,7
64,73,74,57,7
68,77,78,61,7
68,77,74,61,7
68,73,78,61,7
68,73,78,57,7
68,73,82,61,7
76,85,86,68,7
80,89,94,72,7
76,81,86,72,7
72,81,90,72,7
72,77,90,72,7
68,77,90,72,7
68,69,86,76,5
68,69,86,72,5
68,73,86,72,5
72,81,86,72,7
72,77,82,68,7
60,59,86,72,5
57,52,90,76,5
57,59,78,68,5
60,59,82,68,5
53,49,82,65,5
57,55,71,61,5
57,55,78,65,5
57,55,82,68,5
53,46,90,83,5
41,31,98,113,2
44,37,102,102,2
50,46,102,102,2
44,31,111,120,2
44,37,115,120,2
47,31,106,105,2
47,37,94,87,2
101,116,122,96,3
97,116,122,96,3
97,112,118,92,3
92,107,113,88,3
92,112,118,92,3
92,112,118,88,3
88,103,108,81,3
88,103,108,88,3
88,107,113,88,3
92,107,108,85,3
92,107,118,92,3
97,112,122,88,3
92,107,113,85,3
84,95,104,74,3
71,83,100,78,2
68,79,100,81,2
68,75,96,78,2
64,75,87,78,2
68,75,83,70,2
71,75,83,63,7
68,71,79,59,7
64,71,75,56,7
64,68,71,52,7
64,71,71,56,7
60,71,75,56,7
64,68,71,52,7
64,75,75,56,7
68,71,71,56,7
64,71,71,59,7
71,75,75,59,7
68,71,67,56,7
68,71,71,59,7
68,75,71,56,7
68,71,75,56,7
68,75,75,59,7
71,75,75,59,7
76,87,83,74,7
71,75,87,74,5
64,71,87,78,5
64,64,87,78,5
64,71,87,74,5
64,71,87,78,5
68,71,87,74,5
68,75,87,74,5
68,75,83,67,5
71,75,83,70,7
71,71,87,74,7
60,61,87,74,5
56,54,83,70,5
56,57,79,70,5
60,61,83,70,5
56,54,83,70,5
60,54,83,70,5
53,45,96,96,2
46,36,100,107,2
43,31,108,117,2
43,31,104,117,2
50,42,96,96,2
40,31,104,110,2
40,31,104,107,2
43,29,113,114,2
46,34,104,103,2
97,116,123,96,3
93,111,118,92,3
93,116,118,96,3
97,111,118,96,3
97,111,118,96,3
97,116,113,92,3
93,111,113,92,3
88,107,109,87,3
88,107,109,92,3
93,111,118,92,3
97,111,109,87,3
97,111,113,87,3
67,72,77,58,7
67,72,70,54,7
67,72,77,58,7
67,72,77,54,7
67,72,77,54,7
63,68,70,54,7
67,68,70,54,7
67,68,70,54,7
67,72,74,54,7
67,72,74,54,7
67,72,77,54,7
67,72,74,54,7
67,68,74,54,7
67,68,74,54,7
67,72,74,58,7
67,72,70,58,7
67,72,70,58,7
71,72,74,58,7
71,75,77,67,7
75,83,85,67,7
75,83,85,71,7
79,95,96,75,7
71,75,93,79,5
67,68,93,79,5
67,68,89,75,5
67,72,81,67,5
67,72,81,67,5
67,68,81,67,5
67,72,85,67,5
67,75,81,67,7
71,79,89,71,7
71,79,93,71,7
67,68,89,75,5
63,61,93,79,5
63,58,85,75,5
63,64,77,62,5
71,75,85,71,4
48,37,104,104,2
48,34,104,108,2
44,29,109,121,2
44,29,104,121,2
51,40,96,96,2
44,34,100,100,2
44,29,100,100,2
44,32,104,104,2
44,32,109,104,2
44,32,109,112,2
99,113,117,96,3
95,118,117,92,3
95,113,117,96,3
104,113,127,96,3
95,113,112,89,3
95,113,112,89,3
90,104,117,89,3
95,109,112,89,3
99,113,117,92,3
95,109,117,89,3
95,109,117,89,3
90,113,112,92,3
90,109,108,89,3
70,75,84,63,7
63,71,69,55,7
63,75,76,59,7
66,75,73,55,7
63,71,73,55,7
66,75,73,59,7
66,79,80,59,7
66,71,73,55,7
66,71,73,55,7
66,71,69,55,7
66,71,73,55,7
66,71,69,55,7
70,71,73,55,7
66,71,73,59,7
70,79,88,66,7
70,79,88,66,7
78,83,84,66,7
78,83,92,70,7
78,83,88,74,7
70,79,96,78,7
70,79,92,81,5
66,71,88,78,5
66,71,92,74,5
66,71,80,66,5
66,71,80,66,5
66,71,80,66,5
66,75,80,70,7
70,79,88,74,4
66,63,80,70,5
66,71,76,63,4
70,79,92,70,4
74,87,96,78,4
46,32,104,111,2
43,32,104,114,2
46,34,104,118,2
40,29,112,122,2
43,27,108,125,2
49,40,96,100,2
49,40,92,92,2
43,29,104,107,2
43,32,100,103,2
96,112,119,90,3
96,112,114,94,3
96,117,119,94,3
96,112,119,94,3
96,112,114,98,3
92,112,119,90,3
92,112,114,90,3
92,112,114,90,3
92,108,114,90,3
96,108,110,90,3
96,117,119,94,3
92,117,114,90,3
92,108,105,86,3
87,99,105,83,3
75,84,90,68,7
75,77,82,57,7
63,70,75,53,7
59,66,72,53,7
63,66,75,57,7
67,73,79,57,7
67,73,75,60,7
67,73,82,60,7
67,81,82,60,7
63,77,75,60,7
71,84,86,64,7
71,81,79,68,7
71,73,82,60,7
67,73,72,57,7
63,70,72,57,7
63,70,68,57,7
71,81,82,64,7
71,81,86,68,7
71,81,79,64,7
67,73,79,60,7
75,81,82,64,7
75,84,82,68,7
75,91,97,75,7
83,99,105,75,7
79,84,93,75,7
67,73,90,75,5
63,70,86,75,5
63,70,82,72,5
63,66,82,68,5
63,70,82,68,5
67,73,86,72,7
71,77,90,72,7
71,81,90,75,4
75,77,86,68,4
67,66,75,60,4
67,66,68,60,4
71,73,75,60,4
71,77,79,64,4
75,81,86,72,4
59,51,101,113,2
42,30,101,120,2
46,32,105,116,2
46,30,110,127,2
46,32,110,120,2
49,40,97,101,2
46,32,110,113,2
42,30,105,116,2
42,32,105,109,2
93,115,114,90,3
97,115,119,94,3
97,115,119,97,3
93,111,114,90,3
93,111,114,94,3
93,111,114,87,3
89,106,110,87,3
82,88,97,73,7
78,84,89,69,7
67,71,74,55,7
67,67,70,48,7
63,67,74,51,7
60,67,78,55,7
63,71,78,55,7
67,71,78,58,7
63,75,78,58,7
67,79,82,62,7
70,75,78,58,7
67,75,82,58,7
63,75,78,58,7
67,75,82,65,7
70,75,78,65,7
67,71,74,58,7
67,75,78,62,7
70,75,82,62,7
70,79,82,65,7
70,79,85,65,7
74,79,82,65,7
74,79,85,62,7
67,79,85,62,7
67,84,89,69,7
78,92,93,73,7
78,92,93,76,7
78,92,93,76,7
70,84,97,80,7
70,75,93,76,5
67,75,89,76,5
67,75,89,80,5
70,75,89,76,5
67,79,89,76,5
70,84,89,73,5
70,79,85,73,7
74,84,89,76,4
74,84,97,76,4
74,88,97,76,4
74,79,89,73,4
67,79,85,65,4
67,75,78,62,4
67,75,78,65,4
70,84,89,76,4
74,79,97,94,2
53,43,105,115,2
47,34,101,111,2
44,31,105,122,2
44,31,110,129,2
42,27,110,129,2
44,29,101,115,2
101,120,120,98,3
92,115,115,94,3
92,111,111,91,3
92,111,115,91,3
88,106,111,91,3
84,106,111,83,4
84,106,111,83,4
80,106,102,79,4
80,94,94,72,7
72,85,82,68,7
64,69,71,54,7
64,69,71,54,7
64,69,74,54,7
64,69,74,57,7
64,73,74,57,7
64,73,74,61,7
64,73,82,61,7
64,73,78,57,7
64,73,78,61,7
68,73,78,57,7
64,73,82,61,7
64,73,78,57,7
64,69,78,61,7
68,73,78,61,7
68,77,82,61,7
68,77,78,61,7
72,81,82,65,7
72,85,86,68,7
76,89,94,76,7
76,98,98,76,7
80,98,98,76,7
80,94,98,76,7
76,85,90,76,7
72,81,90,76,7
72,85,94,79,4
72,85,98,79,4
68,89,94,83,4
72,85,90,76,4
72,81,86,72,4
68,73,78,61,4
64,73,74,65,4
72,81,86,72,4
76,85,98,79,4
68,66,106,98,2
50,37,102,113,2
47,34,106,116,2
44,31,111,124,2
41,29,111,128,2
47,34,102,113,2
47,37,106,116,2
60,66,94,79,2
97,112,118,96,3
101,116,122,96,3
101,112,122,96,3
97,112,122,92,3
92,107,118,88,3
92,107,118,88,3
84,99,104,81,4
84,99,104,81,4
84,99,108,85,4
84,107,113,85,4
84,107,113,85,4
88,103,108,85,4
84,99,104,78,4
76,79,87,63,7
64,75,71,52,7
68,75,75,56,7
64,75,79,59,7
64,75,79,59,7
64,75,75,63,7
68,75,79,56,7
68,75,75,59,7
68,79,79,63,7
68,75,79,59,7
64,75,79,59,7
64,75,75,52,7
64,68,75,56,7
64,71,71,56,7
68,71,71,59,7
68,71,75,56,7
68,75,79,63,7
71,83,83,63,7
76,79,79,67,7
80,87,91,74,7
76,91,96,74,7
76,91,100,74,7
80,87,91,74,7
80,91,100,78,7
71,95,104,81,4
76,91,100,81,4
76,91,96,81,4
76,83,87,67,4
68,83,79,67,4
68,79,83,67,4
71,83,96,74,4
71,87,96,81,2
60,61,104,103,2
46,34,104,110,2
43,36,104,114,2
40,29,113,132,2
40,29,113,128,2
50,45,100,99,2
68,83,87,70,4
71,83,91,70,4
93,116,118,92,3
97,121,123,96,3
97,116,123,100,3
97,116,123,96,3
97,111,118,96,3
93,107,113,87,3
88,107,109,83,4
84,99,109,79,4
84,103,109,79,4
88,107,109,83,4
84,107,113,87,4
88,107,109,87,4
84,99,100,79,4
71,79,85,62,7
67,72,70,50,7
63,68,70,54,7
67,72,74,54,7
67,72,77,54,7
63,72,77,58,7
67,75,77,58,7
67,75,77,58,7
67,72,77,58,7
67,75,74,58,7
67,83,77,58,7
71,79,81,58,7
63,72,74,58,7
71,75,77,54,7
67,75,70,54,7
63,72,74,58,7
67,72,74,58,7
67,72,74,58,7
71,72,85,62,7
71,79,81,67,7
71,79,85,62,7
71,79,85,62,7
71,79,85,62,7
71,79,85,67,7
71,83,85,67,7
71,79,89,71,7
71,87,89,71,7
75,83,89,71,7
75,87,93,75,7
75,87,93,75,4
71,79,85,67,4
55,48,104,108,2
44,32,104,112,2
44,34,109,112,2
41,37,104,116,2
41,29,113,129,2
44,29,113,129,2
48,37,109,112,2
63,64,93,75,2
95,118,122,96,3
99,118,117,96,3
90,109,112,89,3
86,104,112,85,4
86,104,104,85,4
86,104,104,81,4
86,100,108,85,4
86,109,112,89,4
90,109,112,89,4
82,100,100,81,4
78,91,96,70,7
74,83,88,66,7
66,75,76,55,7
66,75,76,55,7
66,75,80,59,7
66,79,76,59,7
70,79,76,59,7
70,79,80,63,7
70,75,80,59,7
66,75,76,59,7
66,75,84,63,7
66,79,80,59,7
66,75,76,59,7
63,71,76,59,7
63,75,80,59,7
66,79,76,59,7
66,79,80,63,7
66,75,76,59,7
63,75,73,55,7
66,75,76,59,7
66,75,80,63,7
66,79,80,63,7
66,79,76,63,7
70,79,80,63,7
66,79,88,63,7
70,83,88,66,7
70,87,92,78,4
70,79,84,70,4
66,79,80,70,4
70,79,80,66,4
70,83,92,74,4
74,83,100,85,2
46,32,108,114,2
46,32,104,114,2
43,29,108,129,2
46,32,108,122,2
52,43,92,92,2
66,67,80,59,4
70,79,84,63,4
96,117,130,98,3
96,117,114,94,3
87,103,105,86,3
92,108,114,90,3
92,108,110,94,4
92,108,110,90,4
83,108,114,86,4
83,103,105,86,4
87,103,105,83,4
83,103,114,86,4
87,112,119,90,4
92,112,114,90,4
87,103,105,83,4
79,88,93,72,7
71,84,82,64,7
71,77,86,68,7
71,81,82,60,7
67,77,75,57,7
67,73,75,57,7
67,73,79,60,7
67,77,86,64,7
67,77,82,60,7
67,77,75,60,7
63,73,82,57,7
63,77,79,60,7
67,73,75,60,7
67,73,72,60,7
63,70,72,57,7
67,81,82,60,7
67,77,86,60,7
67,73,82,60,7
63,73,75,60,7
67,73,72,57,7
67,73,79,60,7
67,73,75,57,7
67,77,75,60,7
67,77,82,60,7
63,77,82,60,7
63,77,79,64,7
67,77,75,60,7
67,84,93,72,4
71,81,90,72,4
71,81,82,75,4
49,37,97,98,2
52,48,90,98,2
59,63,90,75,2
67,70,86,64,4
67,77,86,60,4
82,88,89,73,3
70,84,85,65,3
85,102,105,83,3
97,115,124,101,3
93,120,124,97,3
89,115,114,87,3
85,111,114,87,4
85,106,110,87,4
89,106,105,87,4
85,111,114,90,4
89,106,110,83,4
82,97,101,80,4
78,88,97,73,7
70,79,82,62,7
70,79,85,62,7
67,79,82,62,7
70,79,82,58,7
67,75,78,62,7
67,79,78,62,7
63,71,78,62,7
67,75,78,58,7
67,71,82,62,7
63,75,82,62,7
63,75,78,62,7
63,79,85,62,7
67,79,82,58,7
67,75,82,62,7
67,75,82,58,7
70,79,74,58,7
63,75,74,55,7
63,75,74,62,7
63,71,78,62,7
67,75,78,62,7
67,79,82,65,7
63,79,85,65,7
63,79,89,65,7
60,79,85,65,7
67,97,101,80,1
74,102,114,90,1
74,115,119,101,1
67,84,97,80,4
67,84,93,76,4
70,84,89,76,4
70,67,101,94,2
53,43,97,101,2
53,49,93,90,2
60,56,85,83,2
70,84,89,73,4
74,88,85,73,4
74,84,85,73,4
70,84,93,65,4
64,73,78,54,7
64,73,78,61,7
88,115,125,98,3
97,120,120,102,3
92,120,120,98,3
84,111,111,91,4
88,106,111,87,4
88,106,111,87,4
76,85,94,68,7
76,81,86,65,7
68,81,82,65,7
68,81,82,65,7
72,77,82,61,7
68,77,78,61,7
64,73,78,57,7
68,73,78,61,7
68,77,78,61,7
64,77,78,61,7
68,77,78,61,7
68,77,78,65,7
68,81,78,61,7
68,77,78,61,7
68,77,74,57,7
68,73,74,54,7
68,69,74,57,7
64,69,74,57,7
68,69,74,57,7
64,73,74,57,7
64,77,78,65,7
64,77,82,65,7
64,77,82,65,7
68,94,106,83,1
76,115,120,102,1
72,115,125,98,1
72,115,120,98,1
72,106,111,91,1
64,89,102,79,4
64,81,86,72,4
72,89,90,76,4
72,85,90,76,4
64,73,86,72,4
72,94,86,72,4
76,94,98,76,4
76,98,98,76,4
76,94,98,76,4
76,89,94,72,4
72,85,86,68,4
64,75,79,59,7
64,75,75,59,7
76,99,104,85,3
92,116,122,99,3
88,107,118,92,4
84,107,108,88,4
84,99,108,85,4
84,99,104,81,4
80,91,96,74,4
80,87,91,78,4
71,87,91,63,7
71,83,87,67,7
68,75,75,56,7
68,75,79,59,7
68,75,79,59,7
64,79,79,59,7
64,79,79,63,7
68,79,79,67,7
64,79,79,63,7
71,83,83,67,7
68,79,79,59,7
68,75,79,56,7
64,75,79,59,7
68,79,79,59,7
68,75,75,56,7
68,75,75,59,7
68,71,75,59,7
68,75,75,59,7
64,75,79,59,7
68,79,83,63,7
64,79,83,67,7
64,75,79,63,7
64,75,83,67,7
71,103,118,96,1
76,116,122,99,1
76,112,128,99,1
80,116,128,103,1
76,116,122,96,1
71,112,122,99,1
68,103,118,88,1
71,83,87,70,4
76,91,91,70,4
76,83,87,70,4
68,75,75,63,7
68,83,87,70,4
76,91,100,81,4
76,99,104,81,4
71,91,87,70,4
63,72,77,58,7
67,75,81,58,7
63,75,77,58,7
67,83,85,67,7
79,103,109,87,4
88,107,113,92,4
84,107,109,87,4
84,107,104,83,4
84,103,104,83,4
84,103,104,83,4
84,95,100,79,4
79,95,93,75,4
79,91,96,75,4
75,91,89,75,4
75,91,100,75,4
79,95,93,71,7
79,87,85,67,7
67,79,77,58,7
67,75,77,58,7
67,72,77,58,7
71,75,74,58,7
67,75,77,58,7
67,75,81,62,7
71,87,85,67,7
71,83,85,62,7
67,79,77,62,7
67,75,81,58,7
67,72,77,62,7
67,75,81,58,7
67,75,77,62,7
67,75,81,62,7
67,75,81,62,7
75,111,123,100,1
75,116,128,100,1
75,111,128,100,1
67,107,118,96,1
63,103,113,92,1
67,99,109,87,1
71,79,93,71,7
71,79,85,67,7
67,72,74,58,7
67,72,74,58,7
75,87,96,79,4
79,99,100,79,4
79,95,100,79,4
75,91,96,75,4
75,87,93,71,4
75,91,89,71,4
70,79,80,66,7
66,79,80,59,7
66,75,76,59,7
63,71,73,59,7
78,100,104,85,4
82,104,108,89,4
82,100,104,81,4
86,100,100,81,4
82,96,96,78,4
78,91,96,74,4
78,87,92,70,4
78,91,96,74,4
82,100,104,81,4
78,91,96,74,7
66,79,84,66,7
66,79,80,63,7
70,79,80,63,7
70,75,76,59,7
63,75,76,63,7
63,79,84,63,7
66,79,84,63,7
66,79,80,63,7
66,79,80,63,7
66,75,84,63,7
66,75,84,63,7
63,71,88,70,5
63,63,88,74,5
66,71,88,70,5
70,79,76,59,7
66,79,80,66,7
66,75,84,66,7
66,91,104,81,1
78,113,117,96,1
70,113,127,96,1
66,113,117,100,1
66,113,122,100,1
66,113,127,100,1
74,83,96,74,7
66,71,73,59,7
59,63,66,52,7
59,63,66,55,7
63,63,69,55,7
63,67,69,55,7
63,67,73,59,7
70,83,88,70,4
74,91,92,78,4
74,83,96,74,4
74,87,92,70,4
71,88,93,68,4
67,77,82,64,7
67,81,86,64,7
67,77,79,64,7
67,73,75,60,7
63,77,82,60,7
71,84,90,72,7
83,103,105,83,4
87,99,105,83,4
87,99,101,83,4
87,99,105,79,4
79,99,101,83,4
79,95,101,75,4
75,91,97,72,4
71,81,82,64,7
75,81,86,64,7
71,77,82,64,7
67,77,82,64,7
67,70,90,64,7
67,73,82,64,7
71,73,82,64,7
67,77,82,64,7
67,77,82,64,7
63,70,82,68,5
59,60,90,83,5
59,57,97,86,5
59,57,97,86,5
56,57,97,86,5
59,57,97,86,5
67,77,79,60,7
67,77,82,64,7
75,112,119,101,1
79,112,124,98,1
71,108,124,98,1
67,112,124,98,1
67,112,124,98,1
63,112,124,98,1
63,108,124,101,1
67,108,135,98,1
67,112,130,98,1
67,112,119,98,1
63,91,105,83,1
63,66,62,57,7
63,63,65,53,7
63,66,68,53,7
63,66,72,60,7
63,70,72,60,7
67,70,75,57,7
67,66,72,60,7
59,70,75,60,7
75,88,90,72,4
75,88,90,68,4
67,79,85,65,7
67,79,82,65,7
67,75,78,62,7
74,92,93,76,7
82,97,101,83,4
82,97,105,80,4
78,88,93,76,4
85,102,105,83,4
85,102,101,83,4
82,88,101,76,7
74,88,97,80,7
78,88,93,73,7
78,84,93,69,7
78,88,97,80,7
74,88,97,83,7
74,84,101,83,7
74,88,101,80,7
70,88,93,69,7
67,75,85,62,7
67,75,82,62,7
67,71,82,65,5
63,71,82,65,5
60,60,85,76,5
60,60,93,83,5
60,60,93,87,5
57,56,93,90,5
57,56,97,94,5
53,56,97,90,5
60,56,93,87,5
60,67,78,65,7
74,115,119,101,1
67,106,124,101,1
67,111,119,97,1
63,120,124,101,1
63,115,124,101,1
63,115,124,101,1
67,115,129,104,1
63,106,119,94,1
70,71,78,62,7
63,67,70,58,7
63,71,74,62,7
63,71,78,62,7
67,67,74,62,7
63,75,82,65,7
74,88,89,76,4
74,88,97,73,4
70,88,85,65,4
76,94,94,72,4
76,89,90,68,4
68,77,74,61,7
68,77,78,61,7
64,73,74,61,7
84,102,98,83,4
84,102,102,79,4
76,85,90,72,4
76,94,94,76,4
84,102,102,79,4
72,81,90,65,7
68,69,86,68,7
76,89,98,79,7
80,94,102,76,7
76,85,90,68,7
80,98,98,83,3
84,98,102,83,3
80,98,106,83,3
76,98,102,79,3
68,69,78,65,5
60,59,90,76,5
57,59,98,87,5
57,55,90,83,5
57,55,86,79,5
57,55,86,76,5
57,55,86,72,5
57,59,74,68,5
68,106,115,98,1
72,115,120,98,1
68,111,120,98,1
68,115,125,98,1
68,111,125,98,1
68,115,120,98,1
64,115,125,98,1
60,111,120,98,1
68,115,120,102,1
64,94,102,83,1
68,77,74,61,7
68,77,74,65,7
68,77,74,61,7
68,73,78,65,7
68,69,74,57,7
68,69,74,61,7
68,73,82,65,7
68,77,82,65,7
64,73,78,61,7
76,91,96,74,4
68,79,79,63,7
64,79,83,59,7
64,75,79,59,7
64,75,79,63,7
68,75,79,59,7
68,83,87,70,7
80,91,91,81,4
84,99,104,85,4
76,91,96,74,4
76,91,96,74,4
76,91,96,74,4
68,75,87,67,5
80,95,100,78,7
76,87,91,67,7
71,87,87,70,7
76,91,91,78,7
80,99,104,81,3
80,99,104,78,3
76,91,96,74,7
71,79,83,63,7
60,61,83,70,5
56,57,79,70,5
60,51,83,74,5
56,57,87,78,5
60,57,87,78,5
56,57,83,70,5
56,54,87,78,5
56,64,83,67,5
64,99,104,88,1
68,112,118,96,1
71,112,118,99,1
68,116,122,103,1
64,116,128,103,1
64,116,122,99,1
68,116,128,103,1
68,112,128,96,1
60,91,104,81,1
68,75,79,63,7
64,75,75,63,7
64,75,75,59,7
68,71,75,59,7
68,75,75,59,7
68,75,75,59,7
71,79,87,67,7
71,75,79,59,7
68,75,75,59,7
75,83,89,71,4
71,83,85,67,4
67,79,77,62,7
67,75,77,62,7
67,79,81,62,7
75,87,89,71,7
79,91,93,75,4
84,95,100,79,4
84,95,100,75,4
63,68,85,67,5
75,91,89,71,7
71,79,85,67,7
79,95,104,79,7
75,99,100,79,3
79,99,109,83,3
79,91,96,75,3
59,54,67,54,5
55,51,67,50,5
55,51,67,54,5
59,58,74,62,5
59,58,81,71,5
55,54,85,71,5
55,54,85,71,5
55,54,85,71,5
55,51,81,71,5
59,61,81,67,5
71,111,123,96,1
71,107,123,96,1
67,107,113,96,1
71,116,123,100,1
67,111,123,100,1
67,116,123,100,1
71,111,128,100,1
67,111,123,100,1
71,111,128,100,1
71,116,123,100,1
71,107,118,96,1
67,99,109,83,1
63,75,81,62,7
67,72,77,62,7
67,68,74,58,7
63,68,67,58,7
67,75,74,58,7
63,72,74,62,7
63,75,77,62,7
67,79,81,62,7
74,87,88,70,4
74,83,92,70,4
66,79,84,63,7
66,79,80,63,7
66,79,88,63,7
74,79,84,66,7
82,87,96,78,4
82,96,100,78,4
82,91,96,78,4
66,71,88,74,5
56,53,80,66,5
56,49,80,66,5
56,53,73,66,5
70,79,84,66,7
78,83,88,70,7
74,87,84,66,7
74,79,84,63,7
66,87,84,70,7
78,96,104,81,7
82,100,104,81,3
82,100,104,85,3
82,100,104,85,3
78,91,92,74,3
52,49,66,44,5
52,56,69,55,5
56,60,73,59,5
59,60,76,66,5
59,60,80,70,5
56,53,84,74,5
56,53,84,78,5
52,49,88,78,5
56,56,88,74,5
56,63,84,66,5
63,87,92,81,1
66,104,112,89,1
66,104,112,92,1
66,113,117,92,1
66,109,117,96,1
66,109,112,96,1
66,109,122,100,1
66,109,122,100,1
66,113,127,100,1
66,113,122,100,1
70,113,127,100,1
70,113,122,96,1
63,63,66,55,7
66,71,73,55,7
66,71,73,59,7
66,71,76,59,7
63,67,73,59,7
70,79,84,66,7
71,84,90,68,4
67,84,86,68,7
71,84,86,64,7
67,81,82,64,7
67,77,82,64,7
71,88,93,72,7
83,91,101,79,4
59,54,82,75,5
59,51,79,72,5
75,84,90,68,7
75,88,97,75,7
75,84,93,68,7
79,88,93,75,7
75,88,97,72,7
75,91,101,79,7
79,99,105,83,3
83,99,105,83,3
79,99,105,83,3
75,91,97,68,3
63,66,68,34,5
52,51,62,42,5
49,48,68,49,5
49,54,68,53,5
56,60,75,64,5
56,54,82,72,5
56,51,79,75,5
52,51,82,75,5
52,54,79,68,5
63,99,110,86,1
71,108,119,98,1
67,112,114,98,1
67,108,124,98,1
63,112,130,101,1
71,112,130,101,1
67,112,124,98,1
71,108,130,101,1
71,108,114,90,1
63,66,68,57,7
63,66,68,57,7
67,70,75,57,7
63,66,68,57,7
67,77,75,64,7
74,84,93,69,4
74,84,85,65,4
74,88,93,69,4
78,92,93,73,4
67,84,85,62,7
67,67,93,80,5
60,60,85,80,5
60,56,85,80,5
67,67,78,65,7
70,79,89,65,7
74,88,93,73,7
78,92,101,83,7
82,92,101,76,7
78,88,89,69,3
60,63,67,41,5
50,46,63,44,5
50,49,67,51,5
50,53,74,58,5
50,53,82,69,5
53,53,82,76,5
50,53,78,69,5
50,53,82,65,5
53,56,82,69,5
63,111,124,94,1
67,111,119,97,1
67,111,119,101,1
67,115,119,101,1
67,111,119,94,1
63,111,124,97,1
63,111,124,101,1
63,111,124,101,1
63,111,124,101,1
67,115,129,101,1
67,120,124,97,1
70,111,119,101,1
67,111,119,94,1
67,111,119,97,1
70,97,105,87,1
63,67,70,58,7
63,71,74,58,7
63,71,74,58,7
60,67,70,55,7
60,67,67,58,7
60,63,67,58,7
76,89,94,68,4
72,85,86,68,4
76,85,90,68,4
76,94,94,72,4
68,85,82,65,7
64,77,86,65,7
64,77,82,65,7
68,81,82,65,7
72,89,94,72,7
80,102,106,87,4
76,89,98,79,4
64,66,90,79,5
60,55,82,76,5
57,55,78,72,5
76,89,94,76,7
80,98,102,76,7
80,98,102,76,7
80,94,102,79,7
84,98,111,83,3
80,98,111,83,3
80,98,106,83,3
84,102,111,87,3
76,85,90,61,3
57,59,64,39,5
53,52,71,57,5
53,55,78,68,5
53,52,82,68,5
53,52,78,65,5
53,55,74,57,5
57,55,74,61,5
50,52,74,65,5
50,52,78,65,5
53,52,78,65,5
60,89,102,79,1
68,106,111,91,1
68,111,115,98,1
68,111,115,98,1
68,111,120,98,1
68,111,115,98,1
64,106,125,98,1
64,111,125,102,1
72,115,120,102,1
68,115,120,98,1
68,111,120,98,1
64,111,115,98,1
68,111,120,102,1
68,106,115,94,1
64,89,98,79,1
64,69,71,57,7
60,69,74,54,7
60,69,71,57,7
60,62,67,57,7
64,66,67,57,7
64,62,67,57,7
76,91,96,70,4
76,83,96,70,4
80,87,91,70,4
80,95,91,74,4
71,87,87,70,4
68,83,87,63,7
64,83,83,67,7
68,79,83,63,7
68,83,83,67,7
68,83,87,67,7
80,95,100,81,4
76,83,96,81,5
60,61,75,70,5
60,57,75,67,5
76,87,96,74,7
80,91,100,78,7
80,99,108,85,3
80,99,104,81,3
71,83,87,59,3
53,51,67,52,5
53,54,75,59,5
56,57,79,63,5
53,54,71,59,5
56,57,75,59,5
53,57,79,63,5
53,54,75,67,5
56,54,75,63,5
53,51,75,59,5
53,51,75,59,5
56,68,87,63,5
71,107,118,96,1
71,112,122,96,1
68,112,122,99,1
64,112,122,99,1
64,112,122,99,1
64,116,122,99,1
64,112,128,96,1
64,112,122,96,1
60,107,122,96,1
64,107,118,99,1
68,107,122,99,1
68,116,122,99,1
64,112,122,99,1
68,112,122,103,1
60,68,67,52,7
60,61,67,56,7
64,64,71,56,7
60,68,67,56,7
60,68,67,56,7
64,68,67,52,7
75,91,93,71,4
75,83,89,71,4
75,87,93,67,4
79,91,93,71,4
67,79,85,62,7
67,79,85,67,7
71,79,85,67,7
71,79,85,62,7
71,83,89,67,7
75,87,96,75,4
79,91,96,79,4
79,91,96,75,4
75,79,89,75,5
55,64,81,67,5
67,64,85,67,5
75,87,89,75,7
79,91,96,75,7
79,95,100,79,7
84,103,104,87,3
84,107,113,87,3
79,107,104,87,3
55,54,74,58,5
55,58,77,58,5
55,54,70,58,5
55,58,70,58,5
55,54,74,58,5
55,54,74,58,5
51,54,70,62,5
55,54,81,71,5
55,68,89,71,5
67,91,100,79,1
71,103,109,87,1
71,111,123,100,1
71,107,123,100,1
71,111,123,100,1
67,111,123,100,1
67,107,118,96,1
67,107,123,100,1
71,111,123,100,1
71,111,123,96,1
71,107,118,96,1
67,103,113,96,1
67,107,118,96,1
71,116,118,100,1
71,111,123,104,1
67,111,123,96,1
71,107,118,96,1
71,107,118,96,1
71,111,118,100,1
71,111,123,100,1
71,103,118,96,1
63,64,67,54,7
59,64,67,54,7
63,68,70,58,7
63,64,70,58,7
78,87,88,70,4
78,87,88,70,4
74,87,96,74,4
78,87,96,70,4
78,91,88,70,4
78,96,92,74,4
74,87,88,70,4
66,83,84,66,7
66,79,80,63,7
66,83,84,63,7
70,83,84,66,7
74,91,96,70,4
82,91,96,81,4
82,91,100,78,4
74,83,92,74,4
63,67,80,70,5
70,75,88,70,7
78,91,100,78,7
86,91,96,81,7
86,100,108,81,3
82,104,112,89,3
66,79,76,59,5
59,56,66,44,5
56,56,69,59,5
52,56,73,59,5
56,56,73,59,5
52,60,73,59,5
56,56,69,55,5
52,56,73,59,5
52,53,69,59,5
52,56,73,66,5
56,56,84,78,5
56,63,88,78,5
63,87,96,74,1
63,91,100,78,1
66,104,108,89,1
70,113,122,96,1
63,113,122,96,1
63,109,122,96,1
63,109,122,96,1
63,109,117,100,1
63,104,117,96,1
63,109,112,92,1
66,104,117,96,1
70,109,122,100,1
66,113,127,103,1
66,109,117,96,1
66,104,122,96,1
66,113,117,100,1
70,113,122,103,1
70,113,122,103,1
63,67,66,55,7
63,67,66,55,7
63,67,69,59,7
79,88,97,72,4
79,88,93,72,4
75,91,97,72,4
75,88,90,72,4
79,88,93,68,4
79,88,93,72,4
67,81,86,64,7
67,81,82,64,7
75,91,97,79,4
79,95,101,79,4
63,57,75,68,5
71,84,86,75,7
75,81,90,68,7
79,95,105,83,7
79,95,105,86,3
75,84,90,68,3
63,66,68,49,5
56,54,72,57,5
56,54,79,64,5
59,57,82,68,5
59,60,86,75,5
59,60,93,79,5
63,70,97,83,5
75,91,105,86,3
79,103,110,90,3
67,99,101,83,1
75,99,101,79,1
71,112,119,98,1
71,108,119,98,1
67,108,119,98,1
63,112,114,98,1
63,108,119,98,1
63,112,119,94,1
63,108,114,94,1
63,103,114,94,1
63,103,119,94,1
63,108,124,98,1
63,108,119,98,1
63,108,119,98,1
67,112,124,101,1
67,112,130,98,1
63,112,124,98,1
67,108,119,98,1
63,99,110,94,1
67,70,72,57,7
67,70,75,60,7
78,88,97,69,4
78,92,97,73,4
78,92,93,73,4
82,88,97,69,4
74,88,93,73,4
74,84,97,69,4
78,88,89,73,4
78,88,93,73,4
70,79,93,65,7
67,84,85,62,7
67,75,82,62,7
70,84,85,69,4
78,88,93,76,4
74,79,89,73,7
60,67,78,62,5
53,49,78,58,5
60,60,78,65,5
70,79,85,73,7
70,84,89,69,7
78,92,97,80,7
82,106,114,87,3
85,106,114,94,3
82,102,114,90,3
74,92,97,80,3
60,63,74,55,5
60,63,82,69,5
60,60,93,80,5
63,63,97,90,5
67,75,101,87,5
70,84,101,87,5
89,106,114,94,3
93,120,124,104,1
82,120,124,101,1
67,106,114,90,1
63,92,105,80,1
63,88,105,83,1
67,97,110,87,1
67,111,114,94,1
67,106,114,94,1
67,111,124,94,1
63,106,114,94,1
63,102,114,90,1
63,102,119,94,1
67,106,114,97,1
63,102,114,90,1
63,106,119,101,1
63,111,124,104,1
63,111,119,97,1
67,111,124,97,1
67,106,124,94,1
67,111,114,101,1
67,106,114,90,1
60,71,74,58,7
63,71,74,58,7
67,71,74,62,7
63,71,74,58,7
80,94,94,72,4
80,94,94,72,4
76,89,86,68,4
76,85,90,68,4
76,85,94,68,4
72,81,86,68,7
72,81,86,65,7
64,69,86,72,5
72,89,94,72,7
72,85,86,72,7
72,94,98,76,7
80,98,106,83,3
80,102,111,87,3
84,111,115,94,3
84,102,111,87,3
80,94,102,83,3
60,66,98,83,5
64,69,98,87,5
72,81,102,87,5
80,94,111,91,3
84,106,111,91,3
92,115,120,102,3
97,115,125,102,1
80,106,106,91,1
80,111,120,98,1
76,111,115,94,1
68,106,115,91,1
68,102,115,91,1
64,89,102,79,1
64,89,98,83,1
64,106,115,94,1
64,106,115,94,1
64,106,115,98,1
64,102,115,94,1
64,106,120,94,1
64,102,115,94,1
64,102,115,94,1
64,106,120,94,1
68,111,125,102,1
68,106,120,98,1
64,102,115,98,1
64,111,120,98,1
68,111,125,98,1
68,111,131,102,1
72,111,120,98,1
68,89,102,79,1
64,73,74,61,7
80,91,96,70,4
76,95,91,74,4
80,91,96,70,4
71,87,87,70,4
76,87,91,70,4
76,87,87,70,4
76,87,91,70,4
68,79,83,63,7
68,79,83,67,7
68,75,83,59,7
64,71,79,63,7
71,79,87,70,7
71,75,87,70,7
60,54,75,59,5
80,99,104,78,7
76,91,96,74,7
84,103,108,88,3
71,75,83,59,5
60,68,71,59,5
64,75,91,78,5
80,99,108,88,3
84,107,118,96,3
84,112,118,96,3
97,121,128,103,1
88,116,122,96,1
92,103,108,81,1
80,87,96,81,1
68,83,100,85,1
68,107,118,92,1
56,91,104,81,1
60,95,113,88,1
64,103,113,92,1
60,103,118,92,1
60,99,113,92,1
64,103,118,92,1
64,107,113,96,1
64,107,122,92,1
64,103,113,92,1
64,103,118,99,1
68,112,122,96,1
64,107,118,99,1
68,107,122,96,1
71,112,128,99,1
71,112,122,96,1
76,112,118,96,1
68,91,96,78,1
79,91,96,75,4
79,87,93,71,4
75,87,89,67,4
71,87,89,67,4
75,83,89,67,4
75,87,89,67,4
75,87,89,67,4
71,87,89,67,4
67,79,81,62,7
67,79,81,67,7
71,83,81,67,7
67,68,74,54,7
71,75,81,71,7
63,61,74,54,5
59,54,77,54,5
84,99,109,83,7
79,91,104,75,7
75,87,89,75,7
79,91,96,75,7
84,103,109,83,3
88,107,113,92,3
88,107,113,92,3
84,99,104,79,3
75,99,109,83,3
75,107,113,92,3
75,103,113,96,1
79,111,123,100,1
79,107,118,92,1
71,107,113,92,1
71,103,118,92,1
71,107,118,96,1
71,107,118,96,1
63,107,113,92,1
63,103,113,92,1
63,103,113,92,1
63,107,113,92,1
63,99,113,92,1
59,99,113,92,1
59,103,118,92,1
63,103,118,96,1
67,103,118,96,1
67,99,118,92,1
71,111,118,96,1
67,107,118,96,1
63,107,118,100,1
67,111,118,96,1
67,107,118,96,1
71,107,118,96,1
75,111,118,100,1
71,107,118,96,1
67,99,109,83,1
74,91,92,70,4
74,87,92,66,4
70,83,84,70,4
66,79,80,63,7
66,79,76,59,7
70,79,88,63,7
70,83,84,66,7
66,75,80,63,7
70,79,76,63,7
70,75,76,59,7
70,75,84,66,7
63,56,76,55,5
63,60,80,59,5
78,83,100,78,7
82,96,104,85,7
82,104,112,85,3
86,113,127,96,3
90,113,127,96,3
95,109,117,96,3
86,104,112,89,3
86,118,122,100,1
82,109,112,92,1
74,100,112,92,1
66,96,108,92,1
63,96,104,89,1
63,100,117,96,1
70,104,117,92,1
66,104,122,92,1
63,100,112,92,1
63,104,112,92,1
59,104,112,92,1
59,100,104,81,1
59,96,104,81,1
63,91,108,89,1
63,100,104,89,1
66,100,112,92,1
66,104,108,96,1
63,109,122,96,1
63,100,117,96,1
66,109,122,100,1
66,109,122,100,1
66,109,117,96,1
66,113,117,96,1
66,113,117,96,1
70,109,122,100,1
66,109,122,96,1
70,113,127,96,1
74,113,117,96,1
74,113,122,100,1
75,84,82,68,4
67,73,79,57,7
71,81,86,64,7
71,81,82,64,7
67,73,75,57,7
63,73,75,57,7
71,91,90,72,7
71,77,86,64,7
71,77,86,64,7
71,81,86,68,7
75,81,86,68,7
63,70,86,72,5
83,91,101,83,7
87,95,97,79,7
83,99,105,86,3
87,112,114,94,3
92,117,124,101,3
92,117,130,101,3
96,112,124,98,3
87,99,105,90,3
83,112,124,94,3
87,112,119,98,1
79,103,114,90,1
59,91,105,86,1
59,91,101,86,1
59,95,110,90,1
59,99,114,90,1
59,103,119,94,1
63,103,114,94,1
63,103,110,90,1
59,99,110,90,1
59,91,105,86,1
59,88,110,86,1
59,88,110,90,1
63,99,101,86,1
63,91,101,79,1
63,95,105,83,1
67,95,101,83,1
67,99,114,86,1
67,103,110,94,1
63,108,119,94,1
63,112,114,94,1
67,108,119,101,1
67,108,119,98,1
67,108,119,98,1
71,108,114,98,1
71,112,119,98,1
67,112,119,98,1
67,75,78,58,7
63,75,78,55,7
63,71,74,55,7
63,67,82,58,7
63,71,74,58,7
63,71,74,58,7
63,71,74,58,7
67,75,78,65,7
60,71,70,58,7
63,75,74,62,7
70,88,93,73,7
74,88,89,73,7
78,92,97,80,7
82,97,97,80,7
82,92,93,83,7
78,92,101,80,7
74,79,89,73,5
82,102,105,87,3
85,106,114,90,3
93,120,119,97,3
93,115,124,97,3
93,120,129,101,3
93,115,124,101,3
85,106,114,94,3
78,115,114,97,3
78,111,119,94,1
70,106,114,90,1
63,97,105,87,1
57,92,110,87,1
60,88,110,83,1
57,92,110,87,1
60,97,114,87,1
57,92,114,87,1
57,92,105,83,1
53,92,105,87,1
57,88,105,87,1
60,97,119,94,1
63,106,119,90,1
60,97,114,94,1
63,102,114,87,1
67,102,114,94,1
67,102,114,90,1
63,111,119,97,1
67,111,124,94,1
67,111,119,97,1
67,106,114,97,1
64,73,74,57,7
64,69,71,57,7
64,69,74,57,7
64,73,74,61,7
64,73,71,57,7
68,69,74,57,7
64,73,74,54,7
64,73,78,57,7
64,73,78,61,7
68,77,90,68,7
64,69,74,61,7
72,81,86,68,7
80,98,106,83,7
80,94,102,79,7
76,85,90,68,7
76,85,98,79,7
80,94,102,83,7
88,106,106,87,3
88,106,111,91,3
88,115,120,94,3
84,111,115,94,3
88,115,120,102,3
80,111,115,94,1
76,106,115,94,1
72,102,106,91,1
64,98,111,91,1
53,85,102,83,1
57,89,106,83,1
57,81,94,79,1
57,81,90,76,1
57,81,90,76,1
57,85,98,83,1
60,94,106,87,1
60,94,111,87,1
57,94,102,87,1
57,85,102,79,1
53,89,106,87,1
53,89,106,83,1
53,81,102,83,1
53,85,94,83,1
53,85,98,83,1
53,85,102,83,1
57,98,106,91,1
60,106,115,98,1
64,106,120,98,1
64,102,115,94,1
64,106,115,94,1
68,106,115,94,1
64,111,120,94,1
72,111,120,98,1
68,111,115,94,1
68,111,120,94,1
68,111,120,94,1
64,71,67,56,7
68,71,71,59,7
68,71,75,56,7
68,71,75,56,7
64,71,75,56,7
64,75,79,56,7
64,79,79,63,7
88,103,113,88,7
76,83,96,78,7
76,83,91,78,7
80,95,100,81,7
88,103,108,88,3
88,112,122,96,3
88,116,122,103,3
76,112,118,92,1
71,103,108,88,1
64,103,118,96,1
53,83,100,85,1
50,75,91,74,1
56,79,91,78,1
53,79,96,78,1
53,83,96,81,1
53,83,100,78,1
53,95,108,85,1
46,79,87,78,1
50,79,96,78,1
60,103,118,92,1
64,107,118,96,1
64,112,118,96,1
71,107,118,96,1
76,112,122,99,1
76,112,122,99,1
64,95,104,81,1
64,107,118,96,1
64,112,122,99,1
76,112,122,99,1
71,112,122,96,1
71,112,122,96,1
71,112,122,96,1
68,112,122,99,1
67,72,74,58,7
67,72,74,54,7
63,72,74,54,7
67,72,70,58,7
63,72,74,58,7
67,79,85,67,7
67,83,89,71,7
71,79,81,67,7
67,72,81,62,7
71,83,89,67,7
79,87,96,79,7
79,87,89,71,7
79,87,100,75,7
75,87,96,79,7
88,95,109,87,7
93,103,113,92,3
88,121,123,100,3
79,107,109,96,1
67,99,113,87,1
59,87,104,87,1
51,79,100,79,1
51,72,89,75,1
51,75,93,79,1
55,75,96,79,1
55,72,93,71,1
59,79,93,75,1
55,79,96,75,1
51,83,100,83,1
51,79,96,79,1
55,79,93,75,1
51,75,93,75,1
55,87,100,83,1
67,107,118,96,1
71,107,118,96,1
67,107,118,96,1
67,107,118,92,1
67,107,118,96,1
67,107,123,96,1
67,111,123,96,1
67,111,118,100,1
71,111,123,96,1
71,111,118,100,1
71,111,123,100,1
63,67,69,55,7
66,71,73,55,7
66,71,69,55,7
66,71,73,55,7
66,71,76,55,7
63,71,73,59,7
63,67,69,55,7
63,75,76,59,7
66,75,76,63,7
70,79,80,63,7
78,91,92,78,7
82,100,108,85,3
86,104,108,89,3
78,91,96,78,7
66,71,84,78,7
70,75,92,78,7
74,87,92,78,7
74,83,88,78,7
86,104,112,92,3
78,104,104,92,3
63,87,100,81,1
63,87,104,85,1
56,91,108,89,1
56,87,104,85,1
52,67,84,78,1
52,71,84,78,1
49,75,88,78,1
56,83,104,85,1
59,91,104,85,1
56,79,96,78,1
52,79,96,78,1
52,79,100,78,1
56,83,96,85,1
56,83,108,85,1
52,83,100,81,1
59,87,108,85,1
63,96,112,92,1
66,100,112,92,1
66,96,112,92,1
66,109,122,92,1
70,109,122,96,1
66,109,122,96,1
63,104,108,89,1
63,96,112,85,1
63,109,122,96,1
66,113,127,100,1
66,109,122,96,1
66,109,122,96,1
70,113,117,100,1
70,109,122,100,1
70,113,122,100,1
63,66,68,53,7
63,66,68,57,7
67,73,68,57,7
67,73,72,57,7
63,70,72,57,7
63,73,72,60,7
67,77,82,64,7
71,81,75,68,7
75,88,90,72,7
83,99,101,83,3
87,99,105,83,3
87,99,110,86,3
63,66,79,72,7
71,77,86,72,7
67,73,90,68,7
71,73,86,68,7
71,77,90,72,7
75,91,101,83,7
87,103,114,90,7
87,112,114,94,3
71,103,114,94,1
63,95,105,86,1
56,81,90,79,1
52,77,90,75,1
52,84,105,86,1
49,73,86,79,1
52,70,90,75,1
52,70,90,75,1
52,73,90,75,1
56,81,97,79,1
52,73,93,79,1
56,70,82,72,1
56,84,97,79,1
59,91,101,86,1
59,91,101,86,1
56,88,101,83,1
56,84,97,83,1
52,81,93,79,1
49,73,90,75,1
56,81,93,83,1
56,88,105,83,1
56,84,93,83,1
56,84,97,79,1
59,88,101,86,1
59,95,105,90,1
63,95,101,86,1
67,108,114,98,1
75,108,114,98,1
67,99,110,86,1
67,99,114,86,1
63,108,124,98,1
67,103,124,94,1
67,108,124,94,1
67,112,124,98,1
67,108,114,94,1
67,103,119,90,1
67,88,101,86,5
63,71,74,55,7
67,75,78,62,7
85,102,114,83,3
85,102,110,87,3
85,106,110,87,3
89,102,105,87,3
89,106,114,94,3
93,111,114,94,3
85,102,105,83,3
74,79,93,73,7
63,63,82,69,7
70,75,89,73,7
67,71,89,73,7
78,88,97,83,7
89,106,114,94,3
85,106,114,94,3
78,102,119,90,3
57,84,101,80,1
50,79,101,76,1
50,75,97,76,1
50,71,93,76,1
47,67,89,73,1
47,71,85,73,1
50,67,85,76,1
50,71,89,76,1
50,75,89,80,1
53,84,97,80,1
57,75,82,73,1
53,71,78,73,1
53,71,82,73,1
53,75,89,76,1
50,79,97,80,1
53,84,97,83,1
53,88,105,83,1
53,84,101,80,1
50,84,93,76,1
53,88,97,80,1
57,88,105,87,1
60,88,105,87,1
57,92,101,87,1
60,92,105,87,1
60,97,101,83,1
63,111,119,97,1
67,106,119,97,1
63,102,114,90,1
63,92,105,80,1
63,102,110,94,1
63,106,114,90,1
67,106,114,87,1
63,102,114,87,1
63,97,110,87,1
63,92,110,87,1
67,92,110,90,5
63,88,105,83,5
60,63,74,65,7
80,89,94,72,7
80,89,94,76,7
80,98,98,79,3
92,111,111,91,3
88,102,115,87,3
84,106,115,91,3
84,102,111,87,3
92,106,106,87,3
88,106,115,87,3
88,106,106,87,3
92,102,115,87,3
88,98,106,79,3
72,81,82,65,7
64,73,78,65,7
60,66,78,61,7
64,66,78,65,7
64,66,82,65,7
76,89,102,87,7
84,106,111,94,3
60,102,111,91,1
57,102,115,94,1
57,94,111,87,1
53,85,102,87,1
50,66,82,72,1
50,66,86,76,1
53,66,82,76,1
60,73,86,76,1
60,77,94,79,1
60,89,98,83,1
60,94,106,87,1
60,81,94,76,1
57,73,90,76,1
53,73,90,79,1
57,77,98,76,1
57,81,98,83,1
57,85,98,79,1
57,85,98,83,1
53,85,102,79,1
53,85,98,83,1
57,89,106,87,1
60,94,98,83,1
57,94,111,87,1
60,106,115,94,1
64,106,115,94,1
72,111,120,98,1
68,89,98,83,1
53,66,106,91,2
60,94,111,87,1
68,98,111,91,1
64,98,106,87,1
64,98,111,87,1
64,85,111,87,5
68,89,115,94,5
72,94,111,94,5
76,89,115,94,5
64,69,78,68,7
68,69,82,68,7
60,66,78,68,7
60,66,78,68,7
84,103,113,81,3
84,99,104,85,3
88,107,113,88,3
88,112,122,92,3
88,107,113,88,3
88,103,113,85,3
88,107,113,85,3
84,103,104,81,3
88,103,104,81,3
92,107,108,85,3
84,95,104,85,3
80,95,96,74,7
71,75,83,59,7
64,68,75,63,7
76,87,100,81,7
80,107,118,96,3
60,95,108,88,1
50,83,104,85,1
53,64,79,74,1
53,61,79,67,1
56,68,83,74,1
64,83,100,85,1
64,95,104,85,1
60,83,100,78,1
53,75,87,74,1
56,79,96,78,1
56,87,104,85,1
56,87,100,81,1
56,87,100,78,1
56,87,104,81,1
56,83,104,81,1
56,91,104,85,1
60,91,104,85,1
56,91,104,85,1
56,91,108,85,1
60,95,113,92,1
64,103,118,96,1
71,112,122,103,1
68,112,122,92,1
71,103,113,88,1
68,99,108,88,1
46,48,96,103,2
43,36,104,121,2
43,34,118,132,2
43,31,118,132,2
43,34,118,125,2
46,48,108,107,2
53,75,104,92,2
64,95,108,88,1
60,99,104,85,5
64,91,108,88,5
76,95,122,99,5
76,99,122,96,5
60,61,83,74,5
60,57,79,70,5
53,54,75,70,5
56,57,71,67,5
56,61,71,67,5
88,103,104,83,3
88,103,104,87,3
88,103,109,83,3
88,107,109,87,3
88,107,113,87,3
88,103,109,87,3
79,95,100,79,3
84,99,100,79,3
93,107,109,87,3
84,99,100,79,3
79,87,96,71,7
67,75,81,62,7
75,83,96,79,7
84,103,113,92,3
84,107,118,96,3
79,111,118,96,1
67,99,113,92,1
51,87,100,87,1
51,83,104,83,1
48,75,96,75,1
51,68,85,71,1
51,68,77,71,1
51,64,77,71,1
48,61,74,67,1
59,72,85,75,1
59,79,89,79,1
63,83,96,83,1
63,87,96,83,1
63,87,96,83,1
59,95,109,87,1
63,99,113,92,1
67,99,109,87,1
67,95,104,87,1
67,95,109,87,1
59,91,104,87,1
55,87,104,87,1
55,91,104,87,1
63,95,109,87,1
67,99,109,92,1
67,107,118,96,1
67,107,123,96,1
67,111,123,96,1
71,111,128,100,1
71,107,123,96,1
71,103,118,96,1
67,103,118,92,1
63,107,118,92,1
51,45,113,125,2
44,29,123,133,2
44,32,113,125,2
48,34,113,125,2
51,58,113,104,2
63,95,104,83,5
75,99,118,96,5
75,99,118,96,5
75,99,118,96,5
75,95,113,96,5
51,54,81,75,5
51,48,81,79,5
48,48,67,71,5
51,54,67,62,5
90,104,108,85,3
90,100,100,81,3
86,100,108,81,3
86,100,104,81,3
90,104,112,89,3
86,104,108,89,3
86,104,104,85,3
82,96,96,81,3
82,96,100,78,3
82,96,100,78,3
90,109,112,89,3
82,100,96,81,3
78,87,100,81,7
86,100,108,89,3
86,100,108,89,3
78,100,112,92,3
59,91,100,85,1
52,79,92,78,1
49,83,96,81,1
49,79,96,78,1
49,71,88,78,1
49,67,88,70,1
52,67,84,70,1
49,67,80,70,1
52,71,80,74,1
52,71,84,70,1
56,75,88,74,1
59,79,96,81,1
56,79,88,81,1
59,83,100,81,1
59,83,100,81,1
59,87,104,85,1
63,100,112,92,1
70,104,117,92,1
63,96,112,89,1
63,96,112,89,1
66,100,112,89,1
63,100,112,92,1
63,100,117,92,1
63,96,108,89,1
52,87,108,85,1
63,87,108,85,1
63,96,112,89,1
63,104,108,92,1
74,113,122,100,1
70,113,122,96,1
70,109,122,100,1
66,113,122,100,1
46,43,112,122,2
52,53,108,114,2
49,40,112,125,2
46,34,112,133,2
46,32,112,133,2
46,46,112,114,2
56,71,104,89,2
59,87,100,81,5
66,91,112,89,5
70,96,112,92,5
70,96,117,92,5
82,91,108,85,5
63,63,88,78,5
52,53,76,74,5
56,53,80,74,5
49,49,76,74,5
52,53,73,66,5
87,99,101,83,3
87,99,105,83,3
83,99,101,83,3
83,95,97,79,3
83,95,101,83,3
87,103,110,86,3
92,103,105,86,3
87,103,110,86,3
87,103,114,86,3
92,112,119,94,3
96,112,119,98,3
92,103,110,90,3
83,95,105,79,3
83,95,101,79,3
87,103,105,83,3
87,103,110,90,3
79,99,105,86,3
75,99,110,90,1
67,99,114,90,1
56,84,93,83,1
52,77,93,79,1
46,73,90,75,1
49,73,86,79,1
49,73,93,79,1
49,73,86,75,1
52,66,82,72,1
52,70,82,72,1
49,70,82,72,1
59,84,93,83,1
56,81,93,79,1
56,81,93,79,1
56,84,105,86,1
63,99,114,94,1
67,99,110,94,1
63,95,105,90,1
63,99,110,90,1
67,99,114,94,1
63,99,114,94,1
63,103,114,90,1
63,103,119,90,1
59,99,114,90,1
59,95,110,86,1
56,84,101,83,1
56,84,105,86,1
59,81,105,86,1
59,88,105,86,1
67,99,110,94,1
63,103,119,94,1
67,108,124,98,1
71,112,124,101,1
71,112,130,101,1
71,112,130,101,1
67,108,114,98,1
56,70,110,98,1
52,54,97,105,2
46,32,119,135,2
46,30,119,139,2
46,34,110,124,2
49,51,101,101,2
56,73,97,79,5
67,84,105,94,5
79,91,119,98,5
79,99,110,86,5
71,77,86,75,5
59,60,72,72,5
59,60,75,68,5
52,54,75,68,5
52,60,72,64,7
85,102,105,80,3
85,97,101,80,3
82,97,101,76,3
93,115,124,94,3
97,115,124,97,3
93,106,114,94,3
85,106,105,83,3
85,102,101,83,3
89,102,110,87,3
85,102,114,87,3
78,92,101,87,3
74,97,105,94,1
53,88,101,83,1
47,71,85,73,1
50,79,89,76,1
50,71,82,73,1
47,67,82,65,1
50,71,85,73,1
53,75,89,73,1
53,84,97,80,1
53,84,101,87,1
50,79,93,80,1
53,79,89,76,1
57,79,93,80,1
57,88,101,83,1
57,88,101,83,1
60,75,93,83,1
63,88,105,90,1
67,97,114,90,1
70,106,114,94,1
63,97,114,90,1
67,102,114,90,1
63,102,114,90,1
63,106,114,90,1
57,88,105,87,1
60,97,105,87,1
63,97,114,90,1
67,106,119,97,1
47,40,105,122,2
44,31,114,136,2
44,31,114,133,2
44,31,114,133,2
44,31,110,133,2
44,29,114,136,2
44,29,114,133,2
47,37,114,122,2
63,84,97,80,5
74,92,110,94,5
78,84,93,80,7
60,71,82,65,7
63,67,78,69,7
60,63,74,69,7
60,63,78,65,7
88,106,102,83,3
80,98,98,76,3
84,106,111,87,3
88,111,115,91,3
92,106,111,87,3
88,102,106,83,3
88,102,106,83,3
84,102,106,79,3
84,94,102,79,3
84,94,102,79,3
84,102,111,87,3
88,106,102,91,3
84,98,102,87,3
57,94,111,91,1
53,85,102,83,1
50,73,90,76,1
50,69,86,72,1
53,69,82,72,1
50,66,82,72,1
50,77,98,79,1
53,77,94,79,1
50,73,90,76,1
53,69,82,72,1
53,73,94,76,1
53,73,90,76,1
53,77,94,76,1
53,77,94,76,1
57,77,90,76,1
53,77,94,79,1
64,81,90,83,1
68,89,102,87,1
68,94,115,91,1
60,89,102,83,1
60,85,102,83,1
64,98,115,91,1
64,98,111,91,1
53,89,106,87,1
57,94,111,87,1
57,94,106,83,1
64,98,111,91,1
68,106,111,98,1
72,111,120,102,1
68,111,120,98,1
68,111,125,98,1
60,89,111,94,1
47,31,111,131,2
44,31,115,131,2
47,31,111,124,2
47,37,106,124,2
53,55,98,91,2
64,85,98,79,5
64,77,106,98,5
68,69,111,98,5
68,73,111,91,5
72,77,94,76,7
76,85,98,76,4
72,81,86,72,4
68,73,78,65,7
64,66,74,65,7
80,99,104,78,3
80,95,100,78,3
80,95,100,81,3
84,103,108,88,3
88,99,104,88,3
80,99,104,81,3
84,103,104,85,3
84,99,100,81,3
88,99,104,85,3
84,99,100,81,3
84,99,104,85,3
88,99,113,92,3
76,95,104,88,3
53,87,104,85,1
50,75,96,78,1
50,71,91,78,1
50,71,87,74,1
50,75,91,74,1
53,75,87,78,1
53,75,87,78,1
50,75,96,78,1
56,68,83,67,1
53,68,83,70,1
53,71,87,74,1
53,75,91,78,1
53,79,96,70,1
56,83,96,78,1
60,87,104,85,1
60,83,100,85,1
60,79,96,85,1
64,91,100,81,1
68,87,96,81,1
64,87,104,85,1
68,91,104,88,1
60,75,91,78,1
56,68,83,74,1
56,91,104,88,1
56,87,108,85,1
56,83,100,85,1
56,83,96,85,1
60,91,100,85,1
60,99,108,92,1
71,107,122,103,1
71,112,122,99,1
68,112,122,99,1
71,112,128,99,1
64,91,104,92,1
60,83,108,92,1
60,64,100,99,2
53,51,104,114,2
43,36,118,128,2
50,48,104,107,2
56,61,91,85,5
60,64,91,81,5
60,75,96,78,5
64,68,108,92,5
80,99,104,85,4
71,79,91,74,4
88,99,104,83,3
88,103,104,83,3
84,95,100,79,3
79,91,96,79,3
84,95,100,79,3
84,99,104,83,3
88,107,113,87,3
88,107,109,87,3
84,99,104,79,3
84,99,104,79,3
88,99,109,83,3
84,103,100,83,3
84,99,104,83,3
84,103,104,83,3
88,103,113,87,3
88,103,109,92,3
79,95,100,87,3
67,95,109,92,1
63,95,113,87,1
55,83,100,83,1
51,75,93,79,1
51,64,85,75,1
51,72,85,75,1
48,72,89,75,1
51,83,93,75,1
55,79,96,79,1
55,72,89,71,1
55,79,89,79,1
55,79,96,79,1
59,83,96,79,1
71,99,104,87,1
67,103,109,87,1
59,75,96,79,1
59,83,96,79,1
63,91,100,83,1
75,91,109,92,1
75,95,104,87,1
59,72,85,71,1
67,103,109,92,1
59,95,113,92,1
63,87,100,87,1
63,95,104,92,1
71,103,113,96,1
71,103,113,96,1
71,111,118,96,1
59,75,100,83,1
59,87,104,92,1
67,87,100,83,1
63,79,100,87,1
59,68,96,92,5
55,61,100,96,2
55,61,100,87,5
55,58,96,87,5
59,61,89,79,5
59,61,85,75,5
59,75,89,79,5
59,64,100,92,5
59,58,104,100,5
63,64,104,96,5
71,79,96,79,4
79,95,96,79,4
86,104,108,81,3
82,91,104,78,3
86,100,108,85,3
90,109,112,92,3
86,100,108,85,3
82,96,104,81,3
82,100,104,81,3
86,104,108,92,3
82,100,108,89,3
74,96,104,89,1
63,96,100,92,1
56,91,108,89,1
49,75,92,78,1
46,75,96,78,1
46,67,84,74,1
49,71,92,74,1
49,71,84,78,1
49,71,88,74,1
52,79,96,78,1
52,79,92,81,1
52,71,84,74,1
52,71,84,70,1
52,71,80,70,1
52,71,84,70,1
56,75,92,74,1
56,79,88,78,1
59,87,96,81,1
66,96,108,92,1
59,91,100,85,1
56,79,96,81,1
59,83,96,81,1
66,83,100,81,1
66,87,104,89,1
70,96,104,89,1
63,79,88,78,1
56,63,84,70,1
59,79,96,81,1
63,91,112,89,1
63,96,112,89,1
63,100,122,92,1
63,96,108,89,1
66,96,112,89,1
70,100,112,92,1
70,104,112,96,1
70,100,112,96,1
63,83,104,89,1
59,79,92,81,1
63,75,104,85,1
70,100,112,92,1
66,79,96,85,5
63,71,104,92,5
59,63,104,96,5
59,60,100,92,5
56,60,100,89,5
56,60,88,81,5
56,60,88,78,5
56,60,84,78,5
59,67,88,74,5
63,71,92,81,5
59,60,96,92,5
56,63,104,96,5
70,75,104,85,5
74,87,92,78,4
74,91,100,81,4
78,96,96,81,4
79,95,97,75,3
83,95,97,79,3
83,95,101,79,3
83,95,105,83,3
96,112,110,94,3
87,103,110,83,3
83,95,105,83,3
87,103,105,86,3
79,99,110,90,3
71,103,119,94,1
59,95,110,90,1
52,84,97,86,1
52,73,90,79,1
49,73,97,83,1
49,77,93,75,1
46,66,86,72,1
49,70,86,75,1
49,70,86,72,1
52,70,82,75,1
49,66,86,75,1
52,70,86,72,1
56,73,86,75,1
59,77,90,79,1
52,84,97,83,1
59,84,93,79,1
59,88,105,86,1
59,73,93,75,1
67,84,97,83,1
63,73,93,75,1
67,103,114,94,1
67,103,114,94,1
67,103,114,94,1
75,108,114,94,1
75,108,119,98,1
75,103,119,98,1
71,99,114,98,1
75,108,124,98,1
71,99,110,94,1
63,66,90,79,1
67,88,105,86,5
63,73,97,86,5
63,66,101,90,5
59,66,97,86,5
59,63,90,83,5
56,60,86,79,5
59,70,90,72,5
59,63,97,90,5
59,60,97,90,5
59,63,93,90,5
67,77,110,90,5
75,91,97,79,4
79,91,97,83,4
79,91,97,79,4
78,92,97,76,3
78,92,101,76,3
85,106,105,80,3
93,115,114,94,3
93,111,114,94,3
89,102,110,87,3
85,97,110,83,3
85,102,105,80,3
85,97,101,83,3
85,97,101,83,3
89,102,105,87,3
85,102,110,87,3
85,102,110,94,3
78,92,110,87,3
70,88,105,90,3
50,79,101,83,1
50,75,93,80,1
50,75,101,80,1
50,71,89,76,1
50,75,97,80,1
53,75,97,80,1
50,71,89,73,1
53,75,93,73,1
53,71,85,69,1
57,79,97,80,1
60,84,93,80,1
60,75,93,83,1
63,84,97,83,1
63,84,93,80,1
60,84,97,83,1
63,75,97,80,1
63,79,85,80,1
60,75,89,80,1
63,92,105,87,1
60,92,110,90,1
70,106,119,94,1
67,106,110,90,1
70,111,114,97,1
70,115,119,97,1
67,106,124,94,1
67,106,114,94,1
70,106,119,94,1
70,106,119,94,1
74,111,114,97,1
70,111,124,97,1
70,106,114,94,1
74,106,114,97,1
70,102,114,94,1
70,106,114,94,1
67,84,101,87,1
74,92,105,90,1
78,97,114,97,1
60,75,101,83,5
44,43,82,87,5
50,46,82,83,5
57,67,85,76,5
60,71,97,83,5
60,60,97,87,5
63,71,101,90,5
80,94,98,76,3
80,94,102,79,3
80,98,94,76,3
84,94,98,79,3
92,115,115,94,3
92,120,125,98,3
92,115,115,87,3
84,102,102,79,3
80,94,94,76,3
84,98,102,83,3
84,98,102,79,3
76,94,102,79,3
84,102,111,91,3
84,102,106,91,3
88,106,111,91,3
76,94,106,91,1
68,94,111,91,1
57,81,102,83,1
50,77,90,79,1
50,73,86,76,1
50,69,90,76,1
50,69,90,76,1
50,73,90,76,1
53,81,102,83,1
53,81,98,79,1
53,77,94,76,1
53,73,98,76,1
57,77,98,79,1
57,73,90,72,1
53,69,82,76,1
57,77,94,79,1
60,81,98,79,1
60,73,90,79,1
60,81,94,79,1
64,81,98,83,1
60,81,90,76,1
68,89,106,87,1
64,98,106,91,1
64,94,111,91,1
60,94,111,91,1
68,106,115,94,1
72,106,115,98,1
72,106,115,94,1
64,106,115,94,1
68,106,115,94,1
68,102,115,94,1
76,111,115,94,1
76,111,115,94,1
76,106,115,94,1
76,102,111,98,1
88,115,131,102,1
88,111,120,94,1
76,89,102,76,5
60,73,90,83,1
53,62,86,83,5
60,77,90,83,5
60,66,102,91,5
60,66,106,94,5
64,73,102,94,5
76,89,106,87,4
72,89,98,79,4
84,99,108,81,3
84,95,100,85,3
92,107,118,96,3
97,112,122,92,3
97,116,122,96,3
92,103,113,88,3
84,95,100,81,3
88,99,104,81,3
80,95,104,81,3
84,99,108,88,3
84,103,113,96,3
84,99,108,92,3
84,107,113,96,3
68,103,113,92,1
50,75,96,78,1
46,71,87,74,1
50,71,87,74,1
50,79,96,78,1
46,79,96,78,1
53,83,96,78,1
53,75,96,78,1
53,71,87,74,1
53,71,87,74,1
53,68,83,70,1
56,71,79,74,1
56,75,87,74,1
56,75,96,74,1
60,79,91,81,1
64,87,100,85,1
60,87,104,85,1
60,91,108,85,1
64,91,113,88,1
68,103,118,92,1
68,107,118,92,1
68,103,118,92,1
71,103,118,92,1
71,103,118,96,1
68,107,122,96,1
68,103,118,92,1
64,103,122,92,1
71,107,122,96,1
71,107,122,96,1
71,103,113,92,1
71,103,118,92,1
71,107,118,96,1
71,107,118,96,1
71,116,122,99,1
76,107,122,103,1
76,112,122,96,1
76,112,122,99,1
80,107,122,96,1
92,116,133,103,1
71,83,96,85,1
60,83,96,85,1
64,87,100,88,1
64,79,100,85,1
56,71,96,85,5
56,68,91,81,5
53,64,83,78,5
60,71,91,81,5
68,75,108,96,5
71,87,108,88,4
71,91,100,81,4
76,95,108,88,4
88,103,109,87,3
93,107,113,92,3
93,111,123,96,3
97,111,123,96,3
93,111,118,96,3
93,111,118,96,3
79,95,100,79,3
84,95,96,79,3
84,99,104,83,3
88,103,113,92,3
84,99,109,92,3
88,103,118,100,3
79,107,123,100,1
55,83,100,87,1
51,79,104,83,1
51,83,100,83,1
51,79,96,79,1
51,75,96,79,1
48,72,89,79,1
48,68,89,75,1
48,75,89,79,1
51,75,96,79,1
55,79,93,79,1
55,79,93,75,1
51,75,89,75,1
51,68,85,75,1
51,68,81,71,1
55,72,81,71,1
55,72,85,75,1
63,95,104,83,1
63,95,104,87,1
63,91,104,83,1
63,91,104,83,1
67,95,109,92,1
71,103,113,92,1
71,103,109,92,1
71,107,118,92,1
71,103,118,92,1
67,103,118,92,1
67,103,118,96,1
67,107,113,96,1
67,107,123,96,1
71,111,123,96,1
71,103,118,96,1
71,107,113,92,1
71,107,113,96,1
75,103,118,96,1
75,107,118,96,1
84,111,123,100,1
79,103,123,100,1
84,103,118,92,1
71,79,96,79,1
63,75,96,83,1
67,83,104,87,1
59,83,100,83,1
63,79,100,87,1
59,72,96,83,5
59,75,89,75,5
59,79,89,71,5
59,75,109,96,5
67,87,113,96,5
67,95,109,92,5
75,99,104,83,4
75,95,100,79,4
71,91,100,83,4
